1	4706.60
2	3941.28
3	3154.25
4	2139.27
5	1332.86
6	3302.72
7	2958.61
8	3265.02
9	3589.89
10	3666.13
11	2674.71
12	3708.01
13	1708.93
14	3836.59
15	3527.54
16	5402.06
17	2460.05
18	2386.07
19	3793.24
20	2646.88
21	3227.01
22	3166.04
23	2999.71
24	3472.30
25	6064.49
26	5705.89
27	1196.97
28	2281.24
29	3989.65
30	3239.28
31	4149.80
32	3335.14
33	2380.36
34	5102.82
35	3701.43
36	3974.66
37	1849.65
38	3455.65
39	5038.30
40	2498.13
41	4863.83
42	2496.53
43	2964.91
44	3035.27
45	2838.07
46	6561.94
47	4496.04
48	5347.76
49	2559.75
50	2458.82
51	2955.87
52	4536.39
53	5085.95
54	3061.13
55	1820.47
56	4042.83
57	6009.35
58	4364.94
59	4057.58
60	5064.30
61	4886.82
62	4380.36
63	3886.36
64	4937.27
65	4477.42
66	3494.18
67	4835.48
68	4074.03
69	5347.32
70	3004.04
71	3965.15
72	3237.87
73	2290.39
74	2705.44
75	2541.70
76	2171.99
77	2383.83
78	1694.16
79	1847.15
80	4346.87
81	5619.54
82	4680.65
83	3014.15
84	1865.18
85	1323.94
86	1886.50
87	4272.35
88	2682.11
89	3701.10
90	3905.98
91	2747.03
92	2746.51
93	2031.72
94	2321.26
95	2554.08
96	3519.34
97	2421.94
98	3172.24
99	4763.97
100	1482.51
101	3021.17
102	4245.37
103	857.21
104	3715.79
105	1787.32
106	1872.27
107	2667.12
108	1583.62
109	1538.32
110	6462.64
111	2269.83
112	2687.77
113	2701.47
114	1079.08
115	3574.85
116	2456.93
117	2999.10
118	2158.34
119	2374.04
120	2534.83
121	7190.05
122	3073.34
123	3389.46
124	3171.34
125	6039.88
126	2938.10
127	4473.99
128	5478.82
129	5623.55
130	5687.79
131	4073.96
132	2310.43
133	2992.93
134	3970.57
135	4355.89
136	4701.91
137	3478.65
138	4281.03
139	2986.41
140	5115.42
141	3175.89
142	2742.13
143	1241.50
144	2819.37
145	3744.60
146	2241.09
147	2460.46
148	2460.24
149	4908.96
150	2829.56
151	4225.34
152	3238.71
153	4132.74
154	3994.94
155	2552.39
156	4776.05
157	3208.60
158	3302.65
159	1357.75
160	2203.12
161	1950.33
162	2503.53
163	4532.72
164	3406.94
165	1479.66
166	3545.76
167	4678.07
168	3718.47
169	2899.27
170	3416.55
171	3482.30
172	1374.48
173	4250.73
174	1931.65
175	2873.01
176	2163.20
177	3412.76
178	3661.45
179	1118.66
180	2119.04
181	3232.29
182	4210.34
183	3432.90
184	3240.08
185	3196.47
186	3417.11
187	3417.76
188	3846.37
189	2253.02
190	4514.53
191	4551.32
192	4153.53
193	4127.32
194	2728.41
195	2889.61
196	5647.85
197	2720.58
198	4720.26
199	4142.49
200	4768.77
201	4646.55
202	3332.16
203	5838.04
204	5039.36
205	6450.72
206	3178.75
207	4094.33
208	2773.68
209	3603.95
210	4711.52
211	4225.85
212	2602.47
213	4278.69
214	4102.23
215	3380.24
216	5614.37
217	3629.24
218	2297.12
219	5215.71
220	1378.38
221	4395.94
222	5133.96
223	4803.12
224	5588.52
225	2535.97
226	3147.23
227	5053.44
228	3578.58
229	6465.44
230	4462.78
231	4150.04
232	6120.67
233	5070.88
234	3061.41
235	4572.77
236	4134.44
237	4767.52
238	4303.53
239	4750.86
240	4521.91
241	2349.13
242	4552.26
243	6455.36
244	6542.73
245	2652.28
246	3407.22
247	3723.55
248	4414.63
249	2548.38
250	5590.39
