1	1374.00
2	6340.95
3	5120.65
4	6412.76
5	4330.21
6	5053.65
7	6566.59
8	6567.78
9	3210.77
10	1119.35
11	3260.29
12	4206.19
13	2680.82
14	4790.25
15	5552.66
16	5416.59
17	1636.16
18	4278.73
19	6081.26
20	2291.18
21	5996.08
22	3025.09
23	5012.38
24	4211.73
25	6132.61
26	3523.20
27	2442.18
28	2176.23
29	4628.60
30	3916.69
31	5148.42
32	4885.15
33	5055.20
34	3954.94
35	6014.15
36	4422.91
37	2988.06
38	4627.08
39	5555.09
40	4850.26
41	2426.37
42	3978.50
43	3819.42
44	3358.26
45	3492.53
46	3371.66
47	2988.90
48	4885.75
49	3262.57
50	2691.67
51	1526.15
52	2224.69
53	1045.66
54	2798.70
55	3193.95
56	1592.52
57	2884.49
58	2573.62
59	3595.69
60	3017.58
61	3046.00
62	3750.36
63	5034.04
64	4832.15
65	4660.28
66	4337.45
67	2430.09
68	3346.33
69	5784.72
70	5190.16
71	2591.85
72	4970.31
73	3769.56
74	3016.95
75	4398.74
76	2997.21
77	4945.07
78	3662.14
79	6331.21
80	3329.65
81	2629.37
82	3794.66
83	4479.25
84	3356.36
85	5345.91
86	3093.04
87	2730.20
88	3696.17
89	4675.73
90	5934.65
91	1900.10
92	4541.56
93	4373.44
94	3637.92
95	2445.93
96	2323.93
97	3256.42
98	655.97
99	2686.96
100	4391.02
101	3714.58
102	2562.39
103	2700.75
104	4079.27
105	2795.95
106	2743.19
107	1238.11
108	2329.28
109	1947.98
110	2936.87
111	2953.27
112	2330.98
113	3965.41
114	1800.06
115	2551.56
116	2794.04
117	3711.33
118	1558.46
119	3556.67
120	2358.24
121	3217.65
122	2446.97
123	2839.38
124	2331.48
125	1795.46
126	2067.20
127	3397.91
128	2073.90
129	2238.30
130	1011.93
131	2064.73
132	2115.30
133	2611.83
134	761.13
135	2658.08
136	1106.73
137	1258.41
138	1521.59
139	3856.10
140	2410.88
141	4492.84
142	2317.66
143	3991.87
144	4621.28
145	1084.82
146	3414.93
147	4308.20
148	6320.82
149	5941.62
150	1804.41
151	2117.15
152	3608.68
153	3796.83
154	2769.89
155	2328.13
156	4773.28
157	3148.43
158	3533.39
159	5853.62
160	2372.03
161	1668.23
162	2526.74
163	4108.52
164	2567.41
165	4547.69
166	3251.78
167	3780.12
168	3197.53
169	1977.05
170	2902.51
171	3941.49
172	1676.57
173	1343.30
174	2721.51
175	2651.57
176	5728.96
177	3140.64
178	2994.82
179	3405.80
180	3060.89
181	5760.98
182	5382.38
183	3783.75
184	2776.73
185	1872.41
186	4551.89
187	1307.79
188	3848.10
189	4461.55
190	3746.28
191	3628.80
192	4871.22
193	2942.38
194	1314.02
195	899.48
196	3561.35
197	2433.79
198	3282.38
199	2382.36
200	2939.42
201	1901.20
202	3246.95
203	4223.36
204	5307.76
205	5360.67
206	3137.31
207	2366.80
208	3665.44
209	1701.02
210	4491.39
211	3173.22
212	3145.05
213	2424.68
214	2036.21
215	2054.15
216	1586.48
217	1756.57
218	887.32
219	2587.22
220	3088.87
221	2038.45
222	2424.49
223	1616.31
224	2509.39
225	2766.05
226	2472.53
227	3555.43
228	3190.93
229	6186.74
230	6562.40
231	2220.92
232	5754.10
233	5511.75
234	1216.43
235	6152.45
236	1961.22
237	6354.53
238	4835.69
239	2239.63
240	2115.08
241	2079.42
242	5239.94
243	6629.56
244	7224.92
245	5034.28
246	3728.58
247	5784.35
248	3383.13
249	6099.56
250	5443.84
