1	4553.59
2	5228.93
3	5705.95
4	5311.87
5	2078.16
6	7098.87
7	4187.15
8	4989.24
9	5777.51
10	3464.28
11	4473.62
12	2785.12
13	2830.42
14	6235.39
15	4917.97
16	1842.19
17	2158.95
18	1812.26
19	2295.53
20	1035.53
21	2205.38
22	2764.92
23	1711.40
24	2333.94
25	4328.80
26	4854.54
27	2151.18
28	3914.47
29	5787.55
30	6752.96
31	4688.14
32	3662.69
33	4781.92
34	4140.07
35	1335.88
36	4277.86
37	5330.72
38	5314.19
39	4335.51
40	2759.19
41	2076.46
42	4486.39
43	3386.91
44	2822.48
45	2231.88
46	6045.47
47	4711.45
48	6534.61
49	6069.12
50	4003.32
51	6799.56
52	5291.78
53	2933.94
54	5324.48
55	1309.33
56	2536.62
57	2790.85
58	3597.98
59	2333.98
60	4490.96
61	2678.93
62	6150.57
63	4032.29
64	3533.49
65	1010.01
66	3487.39
67	3040.65
68	1212.88
69	2435.75
70	3338.47
71	3409.59
72	1863.84
73	4209.80
74	2875.99
75	5719.09
76	2899.00
77	3133.84
78	3942.27
79	2177.44
80	2926.31
81	2369.54
82	5206.70
83	3862.60
84	3694.32
85	3864.83
86	2489.42
87	4440.39
88	3683.89
89	2985.28
90	3049.11
91	4322.10
92	3116.75
93	3633.71
94	1503.96
95	2798.78
96	3752.08
97	5083.23
98	3008.43
99	1754.62
100	3165.31
101	1156.75
102	2844.95
103	1933.60
104	2574.75
105	2278.18
106	2477.54
107	2721.42
108	1915.32
109	2478.13
110	1940.48
111	2355.97
112	2909.91
113	1063.74
114	1181.86
115	3641.71
116	3537.10
117	3055.14
118	1704.95
119	2806.89
120	1483.66
121	2549.50
122	3719.43
123	841.01
124	1542.17
125	4069.70
126	3820.08
127	1857.43
128	5378.62
129	5620.29
130	5101.94
131	7833.17
132	3643.77
133	4610.36
134	4069.81
135	4663.14
136	3668.73
137	7194.62
138	3922.66
139	1381.35
140	3903.64
141	3762.17
142	2083.01
143	2639.54
144	1859.87
145	2291.67
146	2334.13
147	3320.41
148	1528.51
149	3499.14
150	2788.69
151	2566.04
152	2347.88
153	4273.09
154	2445.48
155	4270.03
156	2737.20
157	2782.16
158	515.31
159	3325.87
160	2071.00
161	3541.35
162	1731.47
163	2106.32
164	2903.20
165	1854.58
166	1937.00
167	3615.96
168	2577.00
169	1917.43
170	1574.50
171	3063.29
172	3871.64
173	2114.75
174	3852.66
175	1246.65
176	2260.93
177	2976.88
178	2409.16
179	1831.67
180	3174.53
181	2586.33
182	2765.66
183	3159.54
184	2103.11
185	3848.59
186	2092.45
187	4439.54
188	5101.13
189	3867.21
190	6640.68
191	5672.42
192	4254.42
193	6475.73
194	6007.03
195	4348.95
196	6337.84
197	3847.22
198	5244.04
199	4635.77
200	2297.96
201	4157.81
202	4336.77
203	4573.46
204	6653.97
205	7330.66
206	3275.00
207	1303.64
208	3943.62
209	4746.73
210	5631.19
211	4423.68
212	4680.83
213	3824.84
214	3326.00
215	4456.39
216	3552.65
217	3235.41
218	3419.59
219	3656.24
220	3757.68
221	1496.14
222	3987.01
223	2679.06
224	1879.63
225	3034.92
226	2759.22
227	4596.53
228	3792.47
229	3317.58
230	1056.31
231	3312.05
232	2685.00
233	5131.22
234	3494.76
235	2464.85
236	3949.64
237	2989.72
238	2007.41
239	3819.04
240	3526.09
241	4513.00
242	6057.43
243	2873.81
244	1757.31
245	1382.69
246	2066.07
247	2116.75
248	4218.37
249	1467.41
250	2415.20
