1	695.75
2	1730.56
3	4063.56
4	6345.42
5	3537.67
6	4866.22
7	2943.47
8	4439.81
9	5001.02
10	3512.51
11	1952.74
12	4939.84
13	2733.87
14	2822.11
15	1915.56
16	1502.37
17	4727.54
18	2254.16
19	2942.87
20	3818.86
21	2464.89
22	3176.38
23	2902.40
24	1180.66
25	4031.83
26	2954.57
27	1921.71
28	2893.54
29	1432.62
30	3787.96
31	1921.20
32	2362.76
33	2392.62
34	2058.17
35	3579.34
36	4602.69
37	2538.75
38	2008.24
39	3427.71
40	3325.20
41	2368.98
42	4982.65
43	3283.28
44	5562.18
45	1735.46
46	1302.70
47	3223.16
48	4041.85
49	4175.68
50	6874.04
51	5972.68
52	1184.98
53	2675.71
54	2000.50
55	6386.33
56	5502.46
57	3532.79
58	4399.64
59	4163.61
60	6438.58
61	4185.04
62	3843.09
63	2521.98
64	3770.93
65	4570.66
66	6418.04
67	3823.00
68	2448.47
69	6069.97
70	1990.23
71	6287.15
72	4598.87
73	6409.06
74	6633.19
75	5977.13
76	4504.66
77	6337.00
78	4241.56
79	5731.51
80	3531.88
81	4816.78
82	2087.73
83	1079.52
84	5661.08
85	5329.72
86	4921.34
87	3246.21
88	3326.45
89	4544.44
90	2631.07
91	2358.48
92	3639.18
93	5015.29
94	2206.45
95	3461.65
96	3488.80
97	2599.63
98	2549.91
99	3748.86
100	2792.99
101	6076.55
102	3306.57
103	2160.40
104	2212.00
105	3829.07
106	2328.17
107	1510.11
108	3999.73
109	4768.85
110	3665.41
111	2470.79
112	1979.93
113	3769.07
114	3384.45
115	2669.21
116	3289.66
117	4050.40
118	3568.02
119	5865.51
120	5399.22
121	3152.67
122	5131.56
123	2884.81
124	5335.62
125	3431.93
126	4327.08
127	2757.48
128	1953.42
129	1820.21
130	2696.34
131	2423.68
132	2178.37
133	2048.35
134	2568.34
135	1057.88
136	4346.63
137	3023.39
138	2736.25
139	2001.11
140	3758.28
141	1641.58
142	3514.22
143	5736.04
144	4854.74
145	2787.88
146	3213.39
147	3846.57
148	4983.90
149	2030.27
150	4223.43
151	4668.42
152	4535.74
153	2288.75
154	3127.26
155	3705.24
156	3147.54
157	7118.20
158	4414.97
159	5690.98
160	3450.94
161	5054.32
162	4207.54
163	4442.80
164	4022.40
165	4407.49
166	2851.78
167	5708.96
168	3941.44
169	5244.01
170	2406.69
171	2902.06
172	2494.19
173	2550.30
174	2345.77
175	758.57
176	2286.68
177	2168.48
178	3413.97
179	972.32
180	3221.59
181	3577.48
182	2779.81
183	3366.38
184	1769.34
185	2834.97
186	1596.11
187	2948.19
188	3076.88
189	1550.74
190	3749.52
191	3089.40
192	3238.40
193	3371.76
194	2120.13
195	1759.92
196	2357.06
197	3072.87
198	1547.52
199	1499.23
200	2627.19
201	2331.79
202	4650.03
203	3407.40
204	3958.60
205	6954.92
206	3954.91
207	3506.10
208	4148.55
209	4690.44
210	5027.05
211	4981.46
212	5527.35
213	4132.55
214	3750.71
215	779.52
216	1682.43
217	4832.96
218	2976.70
219	5123.89
220	4106.45
221	4236.69
222	3951.53
223	3366.95
224	2969.16
225	3840.59
226	2379.44
227	3924.70
228	3647.85
229	2217.97
230	3912.78
231	4169.20
232	4815.16
233	2850.27
234	4094.80
235	4338.02
236	2344.19
237	2403.13
238	5814.46
239	2605.18
240	3599.69
241	2404.80
242	3891.36
243	4151.15
244	4458.61
245	3930.18
246	5796.01
247	3408.66
248	2270.38
249	3009.59
250	2703.18
