1	2573.96
2	2607.12
3	3521.44
4	2477.61
5	3221.38
6	4232.75
7	4424.64
8	2462.98
9	2995.83
10	4465.12
11	3749.21
12	3213.71
13	3295.44
14	4723.90
15	4669.17
16	3827.07
17	5477.14
18	2662.21
19	3560.88
20	3050.98
21	2047.68
22	4481.16
23	4588.24
24	2650.73
25	1365.00
26	4665.97
27	3592.87
28	3480.18
29	2690.95
30	4636.25
31	4408.54
32	3426.84
33	2635.21
34	6021.57
35	4019.61
36	3748.48
37	5438.95
38	2459.92
39	3920.12
40	4591.84
41	4026.03
42	5405.15
43	4928.63
44	5497.52
45	3135.93
46	3085.14
47	2521.93
48	5787.83
49	2614.13
50	3041.67
51	3752.78
52	2104.95
53	3500.75
54	4296.68
55	2879.46
56	2720.95
57	4213.84
58	2669.87
59	5514.14
60	3663.05
61	6779.89
62	6257.81
63	6337.83
64	2129.83
65	5590.90
66	5758.80
67	3877.69
68	2579.21
69	4619.54
70	3475.21
71	4598.96
72	1634.79
73	2649.83
74	3990.30
75	1814.53
76	2820.55
77	2519.32
78	1562.23
79	3479.73
80	5121.76
81	2899.52
82	3603.02
83	2277.68
84	3014.37
85	3717.73
86	4539.04
87	3550.56
88	2740.33
89	3726.74
90	2363.95
91	3100.36
92	1845.05
93	1832.18
94	2750.81
95	2334.95
96	6074.19
97	2851.69
98	3499.78
99	4354.02
100	4821.11
101	4936.57
102	8396.13
103	6433.79
104	4261.86
105	4453.32
106	6361.41
107	3871.99
108	5307.41
109	4146.73
110	4797.93
111	3691.27
112	5459.56
113	3955.64
114	2213.40
115	5365.22
116	6511.29
117	4651.24
118	5889.25
119	7398.73
120	7493.32
121	4417.25
122	5484.77
123	3386.30
124	4478.56
125	5668.31
126	7493.58
127	5885.42
128	2604.75
129	6292.30
130	2975.16
131	7604.06
132	2989.09
133	3847.23
134	5093.87
135	4018.90
136	4328.03
137	4023.11
138	1232.92
139	3002.44
140	2548.59
141	5234.10
142	2187.79
143	2906.98
144	3353.58
145	2325.27
146	2398.63
147	2304.73
148	4993.01
149	1480.09
150	1283.12
151	4286.96
152	5180.09
153	5135.81
154	5466.37
155	3438.37
156	3869.84
157	2752.87
158	2707.85
159	3197.29
160	1850.93
161	3511.44
162	3544.97
163	983.27
164	1695.66
165	3100.17
166	3113.84
167	2178.19
168	4498.42
169	3884.74
170	3224.17
171	4650.75
172	6151.32
173	6319.59
174	5285.76
175	2758.04
176	5304.52
177	7958.21
178	3317.89
179	5466.53
180	5256.68
181	3365.88
182	4226.67
183	2144.69
184	6594.73
185	2192.88
186	1904.07
187	3253.30
188	5688.37
189	5177.98
190	4628.09
191	4394.94
192	3223.19
193	2833.78
194	1556.47
195	5497.50
196	1931.93
197	2239.71
198	2849.38
199	1787.66
200	1339.83
201	1766.41
202	3704.42
203	3438.59
204	5025.89
205	3142.40
206	3339.05
207	3196.36
208	3125.05
209	3152.28
210	3906.11
211	3017.12
212	3797.40
213	4147.51
214	3753.38
215	6646.78
216	2775.26
217	3192.08
218	4414.46
219	2385.02
220	2837.06
221	2129.62
222	3457.43
223	4869.02
224	4762.96
225	4161.18
226	5495.23
227	3575.48
228	2345.75
229	892.57
230	5003.27
231	5490.73
232	3961.11
233	5413.12
234	1409.38
235	3999.97
236	2677.10
237	3281.85
238	2088.55
239	4048.09
240	4394.13
241	2551.10
242	5694.14
243	2401.09
244	4214.43
245	3887.90
246	1859.37
247	2139.46
248	4569.82
249	3420.98
250	2606.98
