1	4209.54
2	2106.62
3	3681.42
4	1915.83
5	3613.96
6	2206.92
7	2779.60
8	2603.64
9	5215.55
10	5558.06
11	2424.49
12	3735.34
13	2647.86
14	5810.36
15	2540.28
16	5587.13
17	4617.19
18	4591.28
19	4301.17
20	3862.00
21	5808.94
22	3242.37
23	1599.94
24	2790.05
25	1332.72
26	3284.16
27	2182.34
28	2051.68
29	4516.16
30	5380.56
31	3396.26
32	4730.28
33	4542.35
34	1615.70
35	2785.38
36	2811.62
37	3160.55
38	4850.21
39	3824.31
40	5702.90
41	3209.34
42	1521.97
43	3110.48
44	4362.87
45	2140.75
46	4228.01
47	1965.93
48	2509.12
49	6193.46
50	1473.16
51	6912.79
52	2511.81
53	4102.22
54	5305.65
55	3360.06
56	5043.95
57	5044.38
58	6135.11
59	4908.30
60	5808.59
61	5178.03
62	5223.57
63	7638.22
64	3621.40
65	8258.97
66	1338.77
67	6418.49
68	4899.63
69	6580.44
70	5016.28
71	3699.85
72	2675.13
73	6629.95
74	5438.83
75	2569.19
76	5035.46
77	4359.97
78	2769.95
79	5415.89
80	4879.67
81	4245.37
82	4871.39
83	4347.10
84	5124.60
85	7103.84
86	3846.06
87	7353.59
88	6850.63
89	7631.16
90	7933.01
91	7362.85
92	4482.70
93	2093.37
94	2332.62
95	4019.87
96	4823.73
97	3957.10
98	1837.09
99	2980.72
100	2631.02
101	4492.11
102	3340.61
103	4255.59
104	2560.82
105	3603.59
106	3908.88
107	3726.25
108	3565.15
109	5048.77
110	3426.66
111	4448.40
112	3115.82
113	2782.53
114	2281.45
115	1552.67
116	4714.63
117	4306.56
118	2856.95
119	3177.00
120	4205.13
121	2579.44
122	2614.98
123	6718.41
124	3206.88
125	3576.44
126	5205.14
127	3141.29
128	2175.54
129	2676.45
130	2964.34
131	5560.62
132	1851.04
133	2721.67
134	3121.73
135	1904.04
136	1636.82
137	2145.29
138	3613.20
139	1631.02
140	4668.65
141	2712.04
142	2485.38
143	3079.97
144	2544.06
145	842.02
146	2667.09
147	1235.39
148	2030.30
149	2673.16
150	2944.37
151	2235.98
152	3134.66
153	4153.28
154	3314.58
155	3750.81
156	4874.22
157	6145.53
158	5544.79
159	5052.51
160	4289.25
161	2367.65
162	5553.36
163	5174.36
164	5559.92
165	7889.17
166	2614.85
167	5825.29
168	4329.62
169	8188.14
170	4504.07
171	5033.40
172	3939.45
173	3238.07
174	3049.52
175	6158.66
176	3638.61
177	5334.62
178	3944.21
179	4062.98
180	6120.38
181	2705.81
182	3778.65
183	5821.34
184	6242.48
185	3378.46
186	5865.76
187	1844.13
188	2653.64
189	5605.88
190	7834.94
191	4220.04
192	6526.15
193	6377.78
194	5839.81
195	3971.54
196	4665.97
197	3070.90
198	3573.72
199	3287.49
200	5120.05
201	5518.67
202	5192.50
203	5473.23
204	3800.90
205	5588.97
206	1700.41
207	4570.54
208	3099.61
209	5595.87
210	2005.39
211	4699.37
212	4112.88
213	2591.65
214	2558.42
215	4324.19
216	3145.57
217	5351.55
218	4565.19
219	3111.06
220	5482.21
221	3683.96
222	3940.80
223	6471.64
224	5994.82
225	5945.46
226	2681.28
227	3546.67
228	3623.64
229	2983.74
230	4341.40
231	1162.69
232	3599.62
233	2078.86
234	3367.07
235	3168.82
236	2453.12
237	2172.24
238	1624.30
239	2499.82
240	3533.01
241	2126.11
242	1319.91
243	637.24
244	3051.42
245	897.50
246	2158.96
247	2765.92
248	1308.98
249	1937.40
250	4672.98
