1	2365.27
2	2867.36
3	4148.10
4	2159.24
5	983.67
6	2745.38
7	4234.03
8	1086.94
9	3865.79
10	1855.31
11	3442.34
12	2485.69
13	2560.24
14	2889.01
15	678.50
16	2658.72
17	3511.01
18	1755.88
19	2277.04
20	3573.09
21	1694.36
22	2221.37
23	3279.08
24	2995.27
25	1947.54
26	3285.54
27	1317.85
28	3687.24
29	1191.68
30	5100.30
31	5328.34
32	4877.33
33	5257.39
34	5131.07
35	6510.27
36	3798.38
37	6091.96
38	4514.98
39	1114.20
40	2926.82
41	4633.34
42	4397.32
43	5467.86
44	3792.12
45	2208.63
46	4537.35
47	2641.20
48	4357.01
49	2974.03
50	2205.49
51	1947.95
52	1569.49
53	5215.08
54	4129.95
55	3822.01
56	5101.82
57	4004.70
58	2941.58
59	3817.36
60	3772.50
61	4459.41
62	3252.47
63	1040.70
64	2290.03
65	1347.21
66	2953.13
67	5685.51
68	5081.03
69	5156.42
70	4779.62
71	6834.96
72	4640.68
73	2758.01
74	5154.87
75	6288.03
76	3121.54
77	4377.58
78	4065.26
79	3845.44
80	2316.24
81	1815.56
82	4006.53
83	2007.22
84	3593.51
85	3401.29
86	1677.70
87	2925.16
88	2830.04
89	4043.81
90	4235.30
91	2717.05
92	3307.66
93	2109.65
94	2588.84
95	1115.55
96	2493.14
97	2977.08
98	2137.83
99	3656.20
100	3338.67
101	2974.58
102	2553.05
103	3896.94
104	1315.39
105	3366.35
106	2103.89
107	1749.70
108	4110.70
109	1184.13
110	3328.97
111	4390.73
112	3575.19
113	5060.59
114	5182.14
115	4981.20
116	2365.98
117	3958.13
118	2880.94
119	2157.38
120	1582.44
121	2932.22
122	2169.56
123	4168.98
124	4551.64
125	3169.22
126	3807.35
127	2931.81
128	3810.12
129	3409.48
130	3976.02
131	2106.96
132	3228.17
133	869.06
134	2880.56
135	4985.71
136	1361.12
137	5848.55
138	3273.71
139	3247.13
140	3336.06
141	5321.32
142	1922.62
143	4050.17
144	3302.78
145	6839.53
146	3123.05
147	5788.60
148	2403.01
149	2082.41
150	4894.21
151	3863.70
152	3201.88
153	3097.75
154	3075.59
155	2068.60
156	2831.46
157	5627.45
158	6684.50
159	1593.29
160	4785.26
161	4050.39
162	3768.26
163	6016.41
164	4257.62
165	4097.94
166	5333.70
167	4304.80
168	2333.97
169	3191.42
170	1836.20
171	3259.05
172	2846.70
173	1974.20
174	2276.62
175	2434.78
176	2999.68
177	1991.19
178	2560.13
179	2813.06
180	1613.44
181	1406.30
182	1213.47
183	2388.10
184	2072.84
185	3250.22
186	2131.98
187	3251.27
188	3442.40
189	2132.07
190	1745.88
191	2314.31
192	2783.00
193	2955.32
194	3776.10
195	2361.88
196	3920.70
197	3611.61
198	4309.28
199	4243.52
200	4433.82
201	3982.02
202	4098.34
203	5401.33
204	4435.61
205	6505.93
206	5659.76
207	2994.66
208	5273.13
209	4320.62
210	6258.10
211	5835.86
212	6131.23
213	4775.27
214	7143.92
215	7761.08
216	5815.21
217	2912.86
218	3801.80
219	6298.75
220	5203.54
221	3529.57
222	3413.68
223	5120.13
224	3271.87
225	4232.48
226	4042.63
227	3842.74
228	5107.11
229	1637.99
230	2087.44
231	3584.59
232	2390.84
233	1970.43
234	2927.88
235	2782.46
236	2946.89
237	2514.96
238	1101.34
239	3719.65
240	2387.89
241	3690.57
242	3551.72
243	4409.99
244	1900.23
245	4348.73
246	2225.37
247	1900.53
248	3055.63
249	4203.58
250	2768.71
