1	5025.11
2	4738.00
3	4016.60
4	2771.97
5	3099.78
6	3933.38
7	2980.94
8	2782.49
9	2765.45
10	3629.40
11	3729.91
12	2757.51
13	3622.64
14	3019.23
15	1022.83
16	2683.11
17	2059.07
18	3695.99
19	3719.12
20	2445.15
21	4308.29
22	4269.66
23	2720.71
24	3478.82
25	5466.77
26	3626.57
27	3559.26
28	2656.38
29	3641.29
30	2690.74
31	4927.42
32	5602.81
33	2172.61
34	3310.93
35	4135.95
36	6080.81
37	1741.15
38	5326.21
39	3803.83
40	4090.92
41	2124.88
42	3870.98
43	3825.11
44	4904.52
45	3388.88
46	3513.27
47	1649.61
48	3062.80
49	5028.81
50	4882.08
51	2756.31
52	3253.26
53	3030.15
54	3141.01
55	3432.87
56	3796.90
57	2831.72
58	2886.38
59	3425.25
60	5535.69
61	2789.06
62	4814.51
63	3051.85
64	4760.45
65	3690.98
66	6622.07
67	5046.56
68	3056.18
69	2558.30
70	1767.93
71	3980.93
72	1602.56
73	3170.92
74	3108.43
75	4755.68
76	2313.06
77	2862.77
78	3692.82
79	4898.55
80	2196.32
81	1152.24
82	5600.38
83	1475.36
84	2225.34
85	4406.11
86	2624.25
87	4743.74
88	3721.61
89	2780.50
90	3783.26
91	2512.70
92	1510.54
93	1511.80
94	2573.35
95	4566.43
96	5783.58
97	2583.76
98	4121.52
99	887.01
100	4818.27
101	3300.41
102	3561.67
103	3240.19
104	2054.40
105	3362.66
106	1343.75
107	924.67
108	2854.66
109	2784.81
110	1829.02
111	659.97
112	2877.54
113	2782.22
114	2100.85
115	1881.53
116	3328.60
117	2158.46
118	1737.98
119	3052.01
120	3491.85
121	4306.41
122	3325.34
123	2260.32
124	2683.48
125	5831.09
126	2031.87
127	3098.16
128	6204.81
129	4505.61
130	5608.46
131	4648.06
132	4730.34
133	4537.24
134	3240.58
135	3864.46
136	6440.69
137	3593.09
138	3692.91
139	7104.58
140	4317.85
141	2887.34
142	3640.24
143	4532.66
144	3825.52
145	2931.27
146	4349.43
147	5123.39
148	1770.69
149	2031.80
150	1633.77
151	3199.70
152	4955.60
153	1707.24
154	2151.27
155	4780.52
156	4707.60
157	3689.81
158	5088.06
159	5678.02
160	4187.07
161	2405.87
162	1112.31
163	2658.13
164	3190.18
165	4036.26
166	1008.55
167	2979.23
168	3768.17
169	1880.70
170	1490.95
171	955.52
172	3083.26
173	5572.14
174	5268.38
175	3516.70
176	3754.59
177	5413.05
178	2585.58
179	2417.95
180	2932.31
181	2944.60
182	3237.82
183	4664.04
184	4003.05
185	3401.71
186	4041.21
187	4781.75
188	4040.64
189	3376.48
190	2293.25
191	6111.06
192	6486.51
193	3345.14
194	1268.50
195	3739.43
196	3758.79
197	2960.38
198	2992.58
199	4841.02
200	4112.00
201	3892.50
202	2306.71
203	4280.52
204	4645.02
205	3662.50
206	3562.85
207	6136.99
208	1475.59
209	4309.18
210	3260.67
211	4546.74
212	2954.01
213	6069.79
214	6201.70
215	5074.33
216	5385.67
217	6320.29
218	6622.25
219	2936.20
220	4357.89
221	3783.70
222	5783.31
223	5642.99
224	6752.15
225	2776.86
226	1140.66
227	5044.41
228	5525.67
229	3795.48
230	4950.53
231	4517.94
232	3149.36
233	5112.43
234	6041.02
235	2422.59
236	5996.78
237	4283.45
238	6333.72
239	2436.20
240	5177.18
241	2713.63
242	3187.30
243	3446.67
244	3145.34
245	4004.14
246	2616.27
247	3562.35
248	3441.77
249	4014.87
250	4081.00
