1	5138.15
2	4048.15
3	3249.04
4	4735.04
5	5042.35
6	4929.97
7	3027.06
8	2930.04
9	4156.74
10	2819.82
11	3907.26
12	3746.13
13	2136.54
14	2627.63
15	1087.77
16	2854.97
17	4273.92
18	1893.60
19	5253.25
20	2745.86
21	2069.85
22	3569.28
23	5541.24
24	3185.66
25	5969.74
26	2422.93
27	3397.43
28	4656.82
29	3205.02
30	3737.75
31	2703.91
32	2659.51
33	3680.86
34	5668.57
35	1397.17
36	3646.59
37	3920.64
38	3298.89
39	2703.47
40	2157.46
41	3491.38
42	2036.31
43	3153.30
44	1675.12
45	2277.34
46	4374.74
47	2752.10
48	3349.29
49	1430.10
50	2942.44
51	1814.05
52	4903.90
53	2101.54
54	3727.54
55	3349.97
56	2236.79
57	4317.67
58	4160.16
59	2621.16
60	2985.40
61	3307.46
62	5806.32
63	3402.30
64	2457.05
65	3631.82
66	1729.66
67	2088.04
68	2548.16
69	4509.51
70	2404.18
71	2417.05
72	3369.19
73	775.23
74	3062.56
75	2872.86
76	3747.82
77	1205.45
78	3897.69
79	3204.08
80	1797.95
81	1841.13
82	3769.99
83	1375.74
84	5477.73
85	3051.98
86	1692.05
87	2710.24
88	3865.06
89	3502.02
90	2307.26
91	3674.52
92	6167.92
93	3661.29
94	2243.70
95	2991.97
96	3249.17
97	3986.52
98	2286.87
99	2859.42
100	1784.18
101	2001.54
102	2090.00
103	2917.96
104	2028.19
105	3191.40
106	3497.13
107	2963.81
108	2395.70
109	2896.08
110	2198.23
111	1894.35
112	4282.80
113	2835.05
114	5193.94
115	4882.74
116	3742.52
117	5606.26
118	3858.81
119	2596.28
120	4843.42
121	5530.91
122	4801.96
123	4514.77
124	6078.14
125	4562.67
126	2663.43
127	3531.74
128	3232.99
129	5214.75
130	4387.45
131	3259.71
132	1549.96
133	1890.51
134	634.40
135	2337.63
136	4316.51
137	2356.09
138	3750.19
139	4012.20
140	3408.29
141	2173.47
142	2396.32
143	4007.30
144	3924.70
145	2926.51
146	1810.96
147	3175.36
148	3657.75
149	1889.72
150	2350.53
151	4702.36
152	2806.75
153	3375.73
154	2936.07
155	3094.54
156	2958.12
157	7347.22
158	6354.80
159	3242.41
160	3996.65
161	4770.06
162	3082.35
163	1611.66
164	4692.72
165	3003.57
166	2870.53
167	3428.55
168	3239.38
169	2050.50
170	2075.05
171	3732.42
172	2276.71
173	2036.21
174	1157.22
175	2453.96
176	3289.25
177	2785.09
178	2850.31
179	3152.49
180	3256.99
181	1870.09
182	2163.37
183	3474.87
184	2384.29
185	1299.81
186	2151.95
187	2967.80
188	3514.97
189	3822.51
190	5372.08
191	4345.49
192	3474.69
193	2297.64
194	2836.32
195	3398.85
196	2068.36
197	715.91
198	1409.58
199	3958.53
200	1732.19
201	3175.23
202	3779.82
203	2340.23
204	3439.42
205	3298.65
206	4413.96
207	1743.32
208	3297.00
209	3438.28
210	4016.44
211	2695.40
212	2192.71
213	6093.51
214	3591.97
215	3474.04
216	4113.16
217	3939.92
218	3097.42
219	5496.70
220	3489.73
221	7261.57
222	3808.73
223	2026.45
224	2972.23
225	4732.24
226	3332.44
227	3012.41
228	3900.93
229	2526.50
230	2666.07
231	2662.71
232	2668.03
233	2965.21
234	5550.44
235	1798.06
236	892.16
237	5681.50
238	2723.18
239	3779.09
240	5001.60
241	1471.28
242	3582.30
243	5010.03
244	3150.57
245	4207.80
246	1848.18
247	4513.39
248	5111.17
249	6170.95
250	2643.03
