1	5093.62
2	4189.21
3	5026.29
4	4748.16
5	3897.89
6	5466.42
7	2401.27
8	3450.81
9	6593.18
10	5109.76
11	6387.84
12	3121.46
13	5581.76
14	3833.19
15	5840.78
16	2146.30
17	1552.79
18	1889.20
19	3969.77
20	2653.33
21	3674.03
22	4884.72
23	5380.65
24	3479.20
25	3652.47
26	1835.06
27	2562.82
28	2081.17
29	2383.11
30	3068.05
31	5189.68
32	4439.55
33	4109.00
34	2892.82
35	1878.69
36	2990.10
37	2912.01
38	3872.65
39	1823.72
40	2107.82
41	5285.02
42	2617.15
43	2316.08
44	2652.44
45	4531.16
46	2470.05
47	1464.15
48	3865.33
49	3655.57
50	3862.93
51	2570.20
52	5385.08
53	2793.34
54	4275.83
55	4595.68
56	3471.37
57	3315.15
58	2432.04
59	2326.70
60	1764.92
61	3925.22
62	1887.69
63	4072.56
64	3221.69
65	2373.96
66	882.91
67	2917.98
68	3876.60
69	2313.08
70	2093.10
71	4589.74
72	3791.53
73	2110.04
74	2665.46
75	2745.91
76	2924.11
77	2947.17
78	2446.49
79	4173.01
80	3111.78
81	3588.61
82	2667.46
83	2062.22
84	4349.55
85	3956.86
86	5148.58
87	900.05
88	2631.58
89	3247.55
90	2877.66
91	3125.03
92	4192.01
93	2366.40
94	3798.86
95	1763.52
96	3791.51
97	4870.63
98	3624.16
99	4164.51
100	3125.98
101	3649.56
102	3643.57
103	2853.44
104	2738.73
105	3470.17
106	1981.61
107	4599.23
108	3749.78
109	3344.72
110	4595.45
111	4156.12
112	4880.88
113	3866.57
114	4204.68
115	4117.09
116	2243.14
117	2658.61
118	2109.82
119	2747.46
120	3439.79
121	2541.84
122	2813.20
123	3417.78
124	5022.13
125	3575.66
126	2604.65
127	3999.48
128	2353.82
129	2003.26
130	2117.23
131	3362.82
132	3382.30
133	4794.84
134	1057.95
135	3496.40
136	2782.91
137	3706.92
138	2451.90
139	2050.83
140	663.94
141	4537.81
142	3243.78
143	4558.95
144	1560.39
145	4082.03
146	3603.01
147	5089.85
148	5490.27
149	2716.84
150	3403.19
151	901.57
152	4933.30
153	4546.50
154	6211.67
155	4395.11
156	1452.68
157	4625.34
158	2557.55
159	2011.32
160	1534.92
161	3398.20
162	5646.38
163	4492.56
164	1178.27
165	4952.06
166	5805.11
167	4355.76
168	5011.87
169	3126.57
170	3463.45
171	4551.32
172	3609.69
173	2435.33
174	3011.29
175	2472.76
176	3269.59
177	3736.25
178	2663.76
179	2579.92
180	5316.18
181	4270.06
182	5628.48
183	7686.76
184	3872.32
185	3232.20
186	5331.59
187	5643.10
188	4077.86
189	4322.16
190	2855.37
191	4369.24
192	5360.08
193	3925.04
194	4581.02
195	3539.11
196	1840.46
197	4877.10
198	1313.92
199	4354.64
200	3246.86
201	3623.89
202	3635.89
203	3927.32
204	3848.04
205	2643.79
206	2953.83
207	3176.31
208	3159.32
209	4429.51
210	3405.99
211	6010.19
212	2592.50
213	4622.48
214	4732.42
215	6170.60
216	2864.34
217	4661.30
218	4992.55
219	4432.49
220	4867.83
221	5903.86
222	6492.88
223	3986.11
224	2226.65
225	2413.90
226	1923.20
227	4278.80
228	1592.17
229	1188.18
230	3747.48
231	3575.23
232	3470.48
233	6069.85
234	2945.87
235	2565.31
236	1260.23
237	2515.42
238	4681.21
239	3545.05
240	5483.50
241	4300.00
242	6376.46
243	2615.83
244	4435.17
245	5083.59
246	4450.46
247	4974.92
248	4388.05
249	3351.72
250	3568.65
