1	3643.87
2	3914.86
3	4226.12
4	2290.12
5	3389.94
6	2173.65
7	6667.23
8	4736.02
9	5143.92
10	5816.31
11	3275.34
12	5233.25
13	3187.62
14	3424.09
15	4138.31
16	2706.83
17	5767.50
18	4726.91
19	3681.79
20	3567.85
21	3830.98
22	3223.95
23	3263.68
24	3693.93
25	2406.85
26	3145.96
27	3761.95
28	4517.53
29	1101.88
30	3353.70
31	3277.70
32	947.71
33	3317.31
34	4066.03
35	2829.96
36	3034.71
37	3327.17
38	3398.01
39	3872.52
40	3256.88
41	1166.86
42	1644.38
43	4848.55
44	2223.72
45	2635.47
46	1410.11
47	2717.28
48	5256.18
49	3674.48
50	3936.11
51	3132.69
52	5844.12
53	6594.83
54	3697.49
55	3811.90
56	6432.38
57	5370.38
58	7989.46
59	2794.04
60	3599.29
61	3713.14
62	4459.57
63	3615.79
64	3630.67
65	1163.99
66	3259.00
67	2935.97
68	4710.98
69	2723.30
70	2852.39
71	1415.16
72	3290.11
73	6240.03
74	3337.08
75	3005.00
76	2330.72
77	1137.36
78	4366.57
79	4646.15
80	3095.73
81	3519.00
82	5011.74
83	5203.48
84	553.49
85	2239.54
86	1410.48
87	2215.80
88	2329.30
89	3429.20
90	3004.29
91	4250.74
92	3424.10
93	2511.07
94	2322.54
95	3653.82
96	2414.87
97	2047.18
98	4181.61
99	1990.11
100	3295.93
101	3231.53
102	4037.83
103	2503.25
104	3678.28
105	3037.48
106	3025.52
107	2598.43
108	609.78
109	2124.04
110	3139.85
111	3728.18
112	2571.89
113	2568.85
114	4989.45
115	2583.42
116	2896.08
117	1640.06
118	4323.83
119	1550.72
120	2987.86
121	2573.12
122	3190.50
123	2910.05
124	2213.12
125	1475.25
126	3718.18
127	4201.96
128	2779.05
129	2881.71
130	1445.43
131	2929.17
132	4020.17
133	4152.76
134	3601.80
135	5333.08
136	8184.14
137	5977.62
138	7426.47
139	3003.10
140	3462.10
141	5364.73
142	2813.50
143	3380.77
144	2438.09
145	3001.67
146	4060.20
147	3174.23
148	4330.58
149	4513.90
150	4055.95
151	2104.01
152	4018.03
153	4173.59
154	1555.44
155	5190.28
156	1564.45
157	3066.72
158	2685.93
159	1736.43
160	2844.36
161	3420.20
162	2942.93
163	2231.93
164	2792.23
165	3053.69
166	2921.29
167	2496.46
168	3517.93
169	3086.74
170	3715.25
171	2877.83
172	1087.04
173	2399.54
174	2662.99
175	2417.88
176	3045.20
177	1121.77
178	3527.05
179	3180.72
180	2319.66
181	904.80
182	4062.74
183	2696.43
184	6599.30
185	6427.62
186	6861.01
187	6331.72
188	2228.11
189	2337.92
190	4395.72
191	4967.05
192	3128.21
193	5132.52
194	4132.19
195	5782.17
196	6167.67
197	5921.91
198	6084.00
199	2830.33
200	4011.85
201	3081.84
202	4289.29
203	2957.17
204	6853.65
205	1371.73
206	2247.21
207	2566.93
208	4649.81
209	5336.46
210	1792.12
211	3698.61
212	2394.66
213	4305.81
214	1839.74
215	3379.68
216	4112.34
217	5126.61
218	2446.92
219	3703.65
220	2764.88
221	3611.28
222	6929.12
223	3958.12
224	5153.70
225	3385.17
226	2547.45
227	4086.69
228	4185.32
229	3998.92
230	2716.55
231	2876.17
232	1751.60
233	1808.87
234	3468.33
235	2949.63
236	2725.22
237	3982.44
238	7334.14
239	5699.36
240	3959.60
241	4470.53
242	3584.05
243	8111.16
244	6293.70
245	7143.48
246	3742.62
247	2820.36
248	3368.96
249	6539.65
250	8375.77
