1	8001.19
2	3928.45
3	3694.60
4	3048.43
5	3798.93
6	1923.70
7	3760.29
8	830.43
9	4317.27
10	2216.61
11	4703.57
12	4945.92
13	4177.22
14	6589.11
15	3208.91
16	4027.22
17	2666.24
18	3044.00
19	2401.89
20	5372.05
21	3284.34
22	3252.80
23	4227.47
24	4105.64
25	4962.35
26	1824.49
27	4970.05
28	3264.99
29	4773.37
30	4954.74
31	4162.18
32	1776.00
33	2694.12
34	2792.18
35	6033.78
36	4897.89
37	4705.15
38	2410.10
39	1228.97
40	6074.74
41	1987.44
42	5480.38
43	4708.19
44	2602.06
45	3873.62
46	6208.89
47	4342.78
48	4579.79
49	3240.30
50	4618.14
51	6871.96
52	2740.86
53	2359.69
54	4705.44
55	4639.74
56	2956.15
57	4160.12
58	6398.24
59	4757.91
60	4965.50
61	3762.82
62	1625.31
63	2817.40
64	5905.23
65	3180.98
66	5661.39
67	3537.08
68	2796.35
69	2593.33
70	2720.42
71	2836.14
72	4339.27
73	1581.37
74	6497.48
75	2158.72
76	5024.51
77	1099.76
78	4073.78
79	815.14
80	3344.28
81	3006.37
82	2402.51
83	3286.93
84	3484.11
85	5366.62
86	5908.73
87	4316.11
88	3724.61
89	1762.33
90	2820.17
91	7298.23
92	5033.75
93	3083.29
94	7873.33
95	5061.33
96	3805.28
97	4601.56
98	2130.36
99	680.15
100	4511.56
101	2272.95
102	4356.07
103	4109.56
104	3901.60
105	2348.34
106	3085.77
107	3319.39
108	3885.57
109	3781.83
110	5037.33
111	2494.33
112	4098.13
113	6924.99
114	1026.40
115	3608.27
116	5163.49
117	2402.02
118	2770.99
119	7274.35
120	1729.27
121	2685.15
122	5073.66
123	5080.74
124	6466.14
125	6134.17
126	5858.22
127	4266.40
128	3104.58
129	4007.92
130	8129.92
131	3719.77
132	1689.32
133	4815.16
134	2251.56
135	1787.11
136	3097.47
137	2757.75
138	2856.43
139	3102.89
140	2341.55
141	2042.09
142	2595.85
143	1946.79
144	1402.68
145	2827.33
146	1703.32
147	3713.64
148	1970.79
149	2431.86
150	1477.52
151	4048.43
152	2781.66
153	3420.13
154	3957.68
155	3478.76
156	992.41
157	3107.52
158	3388.77
159	4413.15
160	1967.61
161	2533.47
162	3615.75
163	2821.96
164	3138.70
165	2640.37
166	3746.71
167	3502.10
168	3133.94
169	2298.71
170	1582.08
171	2740.10
172	1558.23
173	2640.78
174	2775.07
175	1840.68
176	3922.41
177	3015.76
178	3642.57
179	975.59
180	2312.98
181	2111.05
182	2992.47
183	2009.13
184	1866.04
185	1914.12
186	2765.93
187	588.52
188	3324.23
189	2707.56
190	3277.64
191	2313.17
192	2239.07
193	2630.99
194	1955.82
195	3334.88
196	2632.52
197	2372.07
198	1609.71
199	2428.22
200	1428.62
201	2952.82
202	3098.54
203	2116.56
204	2154.86
205	1774.97
206	1119.39
207	2637.43
208	2008.76
209	1905.61
210	2748.87
211	1827.13
212	4059.63
213	2063.72
214	1432.95
215	3223.21
216	2364.10
217	996.78
218	1284.87
219	3575.88
220	3558.05
221	2948.84
222	3829.88
223	2979.50
224	2573.87
225	4666.45
226	2546.44
227	4035.15
228	2686.97
229	2354.28
230	5438.20
231	5473.67
232	4252.42
233	6503.08
234	507.63
235	3800.47
236	1570.53
237	3838.64
238	3699.24
239	4944.93
240	5711.04
241	5875.20
242	3414.83
243	4912.15
244	7414.29
245	4295.72
246	5723.46
247	3608.52
248	4825.56
249	2514.86
250	2591.14
