1	2600.76
2	3984.65
3	2700.74
4	5825.72
5	5125.95
6	4566.19
7	2291.10
8	1060.58
9	3767.57
10	2399.60
11	1422.98
12	3901.90
13	2015.45
14	3533.00
15	2729.98
16	3097.04
17	2100.04
18	4864.72
19	3713.04
20	3265.26
21	3939.06
22	1525.22
23	2546.60
24	3661.14
25	1094.93
26	2368.84
27	1944.32
28	4618.60
29	2938.86
30	3844.31
31	2746.03
32	3239.39
33	2778.03
34	3480.06
35	2422.97
36	2114.21
37	2572.18
38	3131.12
39	3147.65
40	2118.45
41	3610.24
42	3712.90
43	3350.69
44	2394.19
45	2548.68
46	2045.53
47	5067.55
48	3724.81
49	2272.57
50	1617.19
51	3375.63
52	2289.13
53	3296.03
54	872.75
55	4394.34
56	4110.95
57	6587.07
58	2682.25
59	6155.12
60	5623.30
61	4325.55
62	3640.67
63	1606.15
64	3230.22
65	2066.90
66	4944.83
67	5823.20
68	1448.81
69	4047.28
70	3799.57
71	3736.22
72	5381.63
73	5543.31
74	2546.58
75	2943.79
76	3197.30
77	3602.24
78	2408.53
79	3733.35
80	1855.23
81	3609.36
82	2886.24
83	3658.71
84	3549.61
85	3112.24
86	3652.47
87	1449.43
88	3300.63
89	3376.50
90	2611.39
91	4029.31
92	3022.46
93	3045.66
94	3963.73
95	3633.59
96	7305.14
97	2443.65
98	3666.53
99	7900.05
100	5753.47
101	4896.86
102	5387.53
103	2236.24
104	3941.32
105	3919.36
106	3435.84
107	3927.86
108	3466.48
109	5285.60
110	2308.57
111	2885.86
112	1734.27
113	4472.94
114	2446.00
115	2838.48
116	3544.25
117	4492.90
118	3750.52
119	1283.21
120	1690.74
121	2331.34
122	4142.03
123	3942.04
124	4246.48
125	5168.30
126	3375.33
127	2024.91
128	4612.92
129	2375.71
130	3818.70
131	5008.62
132	3516.72
133	2642.25
134	3841.80
135	3346.60
136	2555.47
137	4941.34
138	6150.38
139	1471.13
140	6794.44
141	4758.21
142	3442.28
143	3184.45
144	7334.84
145	2188.38
146	2736.24
147	2277.49
148	4565.45
149	5924.31
150	5788.82
151	3965.71
152	3135.38
153	5266.77
154	1868.51
155	4556.78
156	4604.70
157	4229.41
158	4569.81
159	1633.75
160	4136.78
161	5084.72
162	5083.33
163	3861.22
164	6756.55
165	4552.47
166	4445.13
167	3451.76
168	2507.72
169	5180.30
170	2208.37
171	4768.81
172	1897.01
173	4619.08
174	725.52
175	2542.04
176	2206.80
177	4339.39
178	1753.08
179	3733.98
180	3210.41
181	4329.51
182	2905.65
183	4206.87
184	4515.85
185	2308.51
186	4466.80
187	4803.46
188	4160.49
189	2038.35
190	2005.79
191	3376.43
192	2463.01
193	2382.65
194	2573.11
195	1864.94
196	1002.47
197	4352.55
198	3332.95
199	3584.99
200	3502.93
201	3393.91
202	4007.79
203	3787.66
204	5318.63
205	4268.23
206	5023.45
207	3129.18
208	2805.51
209	5684.10
210	3083.53
211	3293.42
212	3406.39
213	2024.27
214	3520.01
215	2373.06
216	3939.91
217	3990.76
218	1925.31
219	3855.02
220	1591.00
221	2529.05
222	2194.39
223	636.64
224	3239.06
225	2227.23
226	2459.78
227	1672.42
228	978.14
229	5644.35
230	3969.57
231	2934.27
232	2814.51
233	2487.57
234	5385.79
235	6618.60
236	6566.00
237	3845.50
238	4719.42
239	5027.42
240	5004.26
241	5208.83
242	4327.68
243	2971.15
244	4168.89
245	4705.29
246	3515.40
247	2402.04
248	1325.48
249	4240.73
250	5237.19
