1	4326.78
2	5240.79
3	4597.31
4	1907.83
5	2264.74
6	2194.68
7	5036.49
8	4612.01
9	3370.38
10	5194.34
11	1905.63
12	3984.52
13	3118.00
14	3634.40
15	4638.69
16	2936.49
17	1618.53
18	3383.56
19	1888.23
20	811.34
21	2505.85
22	817.80
23	3453.90
24	2092.76
25	3587.43
26	1814.57
27	3603.20
28	2723.24
29	3375.27
30	2558.47
31	5550.92
32	3806.34
33	2561.81
34	3841.93
35	4086.96
36	4598.04
37	5616.91
38	3065.41
39	1804.60
40	3315.65
41	3329.06
42	3606.29
43	2914.50
44	3408.91
45	2639.41
46	3774.43
47	2887.76
48	2858.35
49	2673.32
50	2834.72
51	3695.34
52	2147.91
53	2922.94
54	2976.50
55	2982.08
56	3391.80
57	1942.30
58	2290.54
59	2910.46
60	3103.10
61	3128.32
62	2708.79
63	1310.24
64	1981.84
65	1858.60
66	2237.25
67	2275.55
68	3145.60
69	1932.53
70	3262.61
71	3514.27
72	6017.23
73	5307.15
74	2027.37
75	5315.51
76	5474.19
77	4073.88
78	4344.40
79	6448.74
80	3463.40
81	2302.59
82	3629.05
83	2024.52
84	3432.65
85	5983.99
86	3945.96
87	6549.17
88	4136.59
89	6340.78
90	1855.22
91	2435.28
92	1726.96
93	1424.92
94	3173.95
95	4900.65
96	1394.63
97	3145.94
98	2211.06
99	4448.76
100	5872.42
101	2481.13
102	3310.09
103	8405.86
104	6566.59
105	6116.64
106	5360.35
107	849.37
108	2784.82
109	2568.57
110	3278.37
111	4432.31
112	4136.38
113	1276.10
114	2923.76
115	2029.92
116	4091.19
117	5105.76
118	4915.30
119	4832.72
120	3179.13
121	6878.64
122	2702.70
123	5483.14
124	5918.75
125	3520.01
126	4841.79
127	4989.60
128	3631.54
129	2152.45
130	5471.42
131	4633.82
132	4679.20
133	2227.64
134	3239.24
135	5038.82
136	3823.05
137	4146.90
138	5649.48
139	4259.09
140	2671.13
141	2438.56
142	3512.02
143	5767.01
144	2051.49
145	2811.68
146	912.36
147	3608.17
148	4471.09
149	5085.76
150	2567.16
151	3694.26
152	4133.77
153	5105.81
154	3842.57
155	5023.19
156	4863.09
157	4627.09
158	3617.36
159	3102.48
160	5174.59
161	2489.86
162	5474.53
163	3332.97
164	4087.70
165	3201.72
166	3243.15
167	2961.12
168	1216.19
169	2033.02
170	1814.61
171	1247.10
172	2647.32
173	3844.27
174	1586.56
175	1549.47
176	1644.39
177	2173.53
178	2757.72
179	787.50
180	2377.88
181	2518.44
182	3994.49
183	2946.97
184	2896.93
185	2382.09
186	2592.21
187	1431.80
188	3297.76
189	2448.38
190	2354.79
191	2435.05
192	3184.10
193	4345.19
194	3724.68
195	1080.64
196	3754.35
197	1368.82
198	4770.15
199	1995.57
200	1439.08
201	3399.64
202	4915.56
203	2436.83
204	3414.04
205	2632.60
206	2286.97
207	2811.74
208	1977.87
209	3943.82
210	2502.96
211	2887.10
212	2560.28
213	2720.57
214	2866.29
215	2947.18
216	3550.79
217	4693.13
218	2836.31
219	6535.19
220	2878.48
221	5323.03
222	2548.90
223	5914.08
224	4198.53
225	4967.59
226	6083.05
227	5058.15
228	3461.75
229	3360.68
230	7612.13
231	6010.68
232	5489.62
233	5242.09
234	4478.71
235	5485.98
236	4787.68
237	5294.21
238	4930.72
239	4579.83
240	6115.84
241	4206.62
242	2812.25
243	3573.48
244	2892.68
245	4190.38
246	4397.88
247	2780.27
248	2558.70
249	6034.50
250	2822.67
