1	3054.01
2	3717.49
3	1728.23
4	2950.60
5	2167.84
6	4825.46
7	5585.84
8	3635.06
9	5889.74
10	5342.75
11	5175.34
12	5009.04
13	2078.82
14	4458.19
15	3099.31
16	4521.16
17	4608.36
18	4181.78
19	4528.92
20	6653.82
21	3844.05
22	5353.03
23	3019.84
24	1658.35
25	3897.82
26	7049.42
27	1575.34
28	4301.95
29	2486.84
30	2702.28
31	5089.44
32	1520.19
33	1657.96
34	5559.60
35	2667.83
36	2804.67
37	5965.49
38	3285.92
39	2665.26
40	2337.07
41	2494.10
42	5318.92
43	1801.63
44	2782.05
45	3976.21
46	4265.33
47	4171.42
48	3085.21
49	4204.60
50	1396.16
51	3832.66
52	3724.27
53	3909.73
54	3627.06
55	5325.72
56	3842.74
57	6130.77
58	4481.20
59	2983.14
60	2975.51
61	3485.05
62	2087.03
63	3942.34
64	4340.87
65	3588.79
66	7228.57
67	7180.80
68	6815.05
69	5278.73
70	4315.82
71	4027.48
72	4742.87
73	4235.16
74	7562.06
75	1050.98
76	5677.16
77	4238.04
78	3316.58
79	1285.42
80	2764.66
81	5092.18
82	5992.63
83	5100.70
84	6295.50
85	5575.88
86	4190.33
87	4883.84
88	3007.82
89	6003.52
90	5035.46
91	6090.54
92	2804.11
93	4829.17
94	4323.23
95	4339.82
96	5039.19
97	5551.60
98	5599.07
99	1664.54
100	3245.81
101	4845.55
102	2858.60
103	3932.98
104	2492.05
105	3045.29
106	1361.21
107	2035.17
108	931.06
109	990.01
110	1800.52
111	2210.57
112	933.87
113	3001.07
114	3239.70
115	2577.52
116	2822.65
117	1952.33
118	2639.25
119	1705.74
120	2458.74
121	2102.65
122	3124.45
123	4298.45
124	3720.03
125	2296.31
126	3592.95
127	3520.42
128	2286.19
129	3562.95
130	4585.64
131	3711.28
132	5206.09
133	3472.21
134	5126.39
135	3320.41
136	4192.52
137	6864.10
138	5580.80
139	5201.01
140	3327.08
141	7119.99
142	6938.84
143	6575.78
144	5586.88
145	2715.02
146	6609.03
147	3439.14
148	3794.53
149	5021.43
150	5674.60
151	2774.26
152	2477.78
153	4302.07
154	5551.42
155	4313.42
156	6546.64
157	5727.15
158	2671.13
159	5586.29
160	2675.46
161	4584.21
162	1596.73
163	2319.73
164	3150.97
165	6139.06
166	7604.44
167	2308.41
168	5149.44
169	5364.43
170	6070.13
171	5491.27
172	5751.56
173	2996.92
174	7139.92
175	1669.57
176	7728.86
177	1652.62
178	3103.64
179	2418.77
180	3204.54
181	3490.63
182	3444.09
183	3412.24
184	4153.17
185	1770.45
186	5462.78
187	3913.38
188	3565.02
189	4423.86
190	2076.96
191	3294.12
192	2138.93
193	4448.92
194	4562.35
195	2659.36
196	2244.16
197	2755.43
198	3911.64
199	2119.72
200	5163.14
201	2391.33
202	2570.70
203	2224.29
204	1713.97
205	2945.49
206	2420.48
207	403.76
208	3368.52
209	999.12
210	1710.96
211	3340.97
212	1397.86
213	4219.78
214	4922.61
215	3739.67
216	3003.53
217	4411.93
218	4207.49
219	3608.82
220	6262.23
221	3113.11
222	7347.41
223	5199.68
224	7607.55
225	6904.80
226	5076.78
227	3889.11
228	5694.35
229	3862.54
230	2356.52
231	4601.20
232	3854.00
233	3974.50
234	2798.61
235	2980.05
236	3485.21
237	2952.81
238	1933.62
239	3494.39
240	2905.08
241	5500.12
242	6065.33
243	4002.23
244	3239.14
245	2070.44
246	2152.72
247	3338.60
248	3804.98
249	3001.30
250	2213.14
