1	5851.05
2	2136.31
3	3823.11
4	5138.60
5	4443.06
6	3552.12
7	4250.89
8	6218.05
9	2900.39
10	6018.46
11	4005.81
12	3806.17
13	6302.22
14	6576.55
15	7850.45
16	4027.51
17	6580.37
18	5845.67
19	4774.99
20	4562.78
21	4731.13
22	6657.78
23	4970.46
24	3567.11
25	6604.98
26	5258.85
27	1658.46
28	5175.73
29	3349.82
30	5640.28
31	7331.59
32	1973.96
33	3505.92
34	6108.73
35	3216.06
36	2293.82
37	2854.83
38	3536.74
39	3211.01
40	4182.36
41	3596.41
42	3468.32
43	3219.67
44	2329.34
45	2785.91
46	2274.98
47	1567.95
48	4680.80
49	7029.02
50	3617.68
51	4211.10
52	4773.55
53	3842.96
54	4616.71
55	3715.27
56	3280.02
57	3199.54
58	3747.53
59	5246.79
60	1668.53
61	5869.00
62	4600.39
63	4947.23
64	1193.68
65	5961.79
66	5622.61
67	3129.21
68	2616.32
69	5508.90
70	4635.00
71	5550.52
72	4175.35
73	3226.90
74	3371.77
75	1449.72
76	5885.19
77	2023.61
78	1774.90
79	5025.81
80	5346.83
81	4748.95
82	3523.93
83	3330.94
84	1154.40
85	3340.18
86	3070.96
87	5542.83
88	5609.81
89	6117.58
90	4759.07
91	6782.01
92	4963.26
93	5839.66
94	3338.23
95	3924.02
96	6162.33
97	4749.04
98	4779.72
99	1867.80
100	1305.90
101	3783.90
102	8022.88
103	4526.25
104	3292.83
105	2893.02
106	2439.49
107	2691.88
108	3028.48
109	2666.15
110	1928.51
111	4485.68
112	3394.18
113	4663.48
114	3680.30
115	2910.23
116	1989.43
117	4235.94
118	2421.88
119	3449.88
120	5015.48
121	4298.33
122	2737.37
123	3796.57
124	4108.67
125	3161.79
126	4041.84
127	4019.50
128	4335.56
129	3127.26
130	2228.49
131	3396.88
132	2649.08
133	4119.43
134	3053.22
135	3033.74
136	3538.53
137	2397.32
138	5352.97
139	1659.32
140	5603.15
141	3787.65
142	4024.09
143	2956.40
144	1956.48
145	4446.97
146	8149.95
147	3190.64
148	2600.07
149	3105.46
150	7057.72
151	4093.51
152	4013.00
153	3929.27
154	2885.43
155	1844.50
156	1870.90
157	2635.03
158	3359.44
159	3532.70
160	727.49
161	7012.84
162	3029.81
163	2776.43
164	2965.69
165	4660.24
166	5188.25
167	3574.20
168	1636.05
169	3234.83
170	2240.33
171	1381.73
172	3502.79
173	2430.68
174	1292.29
175	1304.64
176	3126.78
177	2770.08
178	3576.99
179	1337.20
180	2014.38
181	1856.71
182	3082.58
183	1319.76
184	2860.40
185	2619.15
186	2623.16
187	1490.53
188	2682.52
189	3459.47
190	1583.73
191	1930.59
192	1308.16
193	3591.61
194	2076.29
195	1960.08
196	1809.81
197	2513.16
198	2486.97
199	2666.88
200	1538.98
201	1226.18
202	2425.37
203	2041.54
204	3256.53
205	2010.59
206	1991.02
207	3151.95
208	3038.87
209	1850.61
210	2418.24
211	3092.52
212	913.37
213	1874.59
214	2940.92
215	3052.94
216	2606.15
217	2544.13
218	2256.42
219	1623.91
220	2357.14
221	1548.70
222	3469.38
223	1776.61
224	3843.95
225	1970.53
226	2553.68
227	1758.08
228	3016.17
229	4322.48
230	1848.55
231	2561.69
232	2343.16
233	2419.46
234	2627.55
235	3580.83
236	1787.37
237	2752.51
238	3278.27
239	3024.76
240	2633.78
241	3235.28
242	3148.60
243	4573.36
244	4288.85
245	4178.16
246	3167.94
247	3694.47
248	4546.97
249	2403.94
250	3386.39
