1	7071.81
2	4144.67
3	4755.04
4	2614.07
5	3720.78
6	4373.55
7	3537.02
8	3604.72
9	3368.74
10	3321.81
11	3302.75
12	3065.49
13	3983.42
14	4092.97
15	2414.65
16	2469.39
17	4798.76
18	3369.86
19	2567.07
20	4281.09
21	3264.31
22	2138.93
23	4030.85
24	3486.29
25	3463.50
26	2760.44
27	4493.21
28	2797.02
29	3644.74
30	3191.35
31	2776.51
32	2764.36
33	3939.88
34	5245.88
35	5356.04
36	3364.90
37	3164.95
38	4445.03
39	5198.21
40	4508.89
41	3222.30
42	2491.59
43	3564.29
44	3040.94
45	2951.71
46	2781.08
47	2345.28
48	3787.27
49	1461.33
50	2194.48
51	2895.10
52	3693.27
53	3600.82
54	4145.22
55	5174.23
56	2298.09
57	2807.83
58	4787.58
59	3316.41
60	4274.22
61	3139.16
62	3582.19
63	3886.65
64	2691.79
65	4746.32
66	3449.36
67	5222.72
68	2299.36
69	4402.50
70	4625.65
71	3326.12
72	3517.71
73	3027.34
74	3454.37
75	7381.21
76	5218.45
77	2167.12
78	3906.50
79	4565.36
80	4825.22
81	2600.38
82	5230.94
83	4431.31
84	6414.87
85	4301.80
86	1739.80
87	1579.87
88	2720.05
89	5710.45
90	3673.30
91	3112.49
92	3515.87
93	3620.38
94	3829.72
95	3042.42
96	4182.05
97	4202.03
98	4907.79
99	3983.94
100	3897.94
101	5322.13
102	4078.35
103	6804.84
104	2942.84
105	2490.57
106	2749.15
107	4121.69
108	4597.43
109	4087.95
110	3305.00
111	3984.01
112	2351.94
113	3530.75
114	1407.56
115	4258.45
116	4642.29
117	3571.18
118	4475.18
119	3129.57
120	2980.58
121	3301.61
122	4896.73
123	3521.98
124	2952.07
125	5502.63
126	4557.50
127	3999.88
128	3720.30
129	2816.70
130	1660.05
131	2171.02
132	4107.93
133	4081.04
134	4540.54
135	3634.05
136	3188.15
137	4456.62
138	2713.88
139	4938.28
140	4973.55
141	2471.35
142	5749.35
143	2449.14
144	2019.87
145	3199.85
146	2433.09
147	3878.64
148	1963.84
149	2705.08
150	2529.09
151	3861.99
152	2853.39
153	2664.72
154	3359.06
155	1862.71
156	3143.25
157	2803.39
158	4294.73
159	3875.41
160	2813.90
161	2438.87
162	3026.29
163	1201.55
164	3586.67
165	3198.74
166	3087.50
167	3680.26
168	4008.49
169	4162.77
170	4959.66
171	4680.69
172	4480.01
173	4942.71
174	3472.40
175	3425.02
176	4965.70
177	3501.01
178	3719.05
179	7020.57
180	7728.73
181	2051.97
182	7270.59
183	3363.31
184	3577.04
185	5339.42
186	5804.14
187	3748.24
188	5588.09
189	1971.10
190	5556.90
191	4263.97
192	5630.41
193	4956.53
194	5680.26
195	4552.73
196	6162.25
197	3545.15
198	2168.44
199	2841.09
200	2881.70
201	4472.72
202	2641.17
203	2794.69
204	2582.11
205	3091.54
206	5112.06
207	3840.64
208	2756.40
209	3590.50
210	3213.00
211	1895.89
212	3609.01
213	5193.73
214	3141.86
215	3810.41
216	3914.02
217	6041.19
218	4386.63
219	3312.18
220	3359.57
221	2648.94
222	3549.95
223	5862.61
224	7364.31
225	2907.09
226	6115.29
227	4088.37
228	3883.44
229	3208.09
230	4547.52
231	6874.63
232	3745.70
233	5559.90
234	4859.45
235	2757.96
236	3153.49
237	3505.65
238	1452.15
239	3955.82
240	2663.02
241	2996.95
242	2484.84
243	4522.91
244	2721.64
245	2380.04
246	2964.67
247	3224.71
248	3078.74
249	3443.04
250	2953.41
