1	2963.23
2	3337.92
3	4178.71
4	2539.75
5	4426.21
6	5530.22
7	5161.52
8	4294.70
9	4123.25
10	6524.42
11	2641.65
12	3917.04
13	4474.14
14	3268.03
15	4278.05
16	3247.03
17	4671.50
18	1032.26
19	3791.79
20	4441.77
21	4303.41
22	4716.29
23	3726.81
24	4491.57
25	2804.32
26	2441.01
27	1780.27
28	2163.05
29	3548.75
30	2399.77
31	4814.15
32	2086.95
33	7461.20
34	4699.21
35	5826.94
36	4788.45
37	3893.45
38	4365.79
39	5516.00
40	3006.85
41	3679.67
42	3469.43
43	6875.85
44	3311.07
45	4291.42
46	6701.27
47	3012.60
48	5294.51
49	3725.11
50	2808.23
51	3030.30
52	3922.51
53	4117.31
54	2706.88
55	3102.67
56	3187.53
57	2939.65
58	3479.88
59	3422.29
60	4198.93
61	2298.52
62	4722.47
63	4556.21
64	2533.42
65	3037.96
66	2140.41
67	2595.74
68	972.71
69	2487.07
70	3517.19
71	3698.62
72	2716.77
73	3936.02
74	3820.67
75	3954.08
76	2281.75
77	1546.36
78	957.77
79	2621.93
80	4255.99
81	2776.04
82	1164.08
83	4160.67
84	3949.18
85	4384.04
86	4335.80
87	4897.71
88	2929.73
89	4106.99
90	5325.29
91	3810.48
92	3602.06
93	3380.28
94	3458.43
95	4428.20
96	4585.81
97	4208.16
98	3308.10
99	2814.11
100	2606.91
101	3104.42
102	4144.46
103	2695.05
104	3744.14
105	2731.36
106	3219.23
107	4814.82
108	4302.98
109	5442.74
110	2345.91
111	4348.55
112	1900.05
113	3425.86
114	2781.13
115	3783.61
116	4328.72
117	3637.17
118	3029.33
119	2423.12
120	3675.21
121	4993.36
122	1661.98
123	3501.17
124	2321.81
125	1427.56
126	4503.38
127	4493.53
128	5046.05
129	4816.88
130	4214.80
131	3482.21
132	5899.09
133	1811.01
134	3003.76
135	3814.58
136	2519.10
137	3302.18
138	2609.01
139	2492.72
140	4761.59
141	2486.46
142	3258.09
143	1597.02
144	4171.19
145	4971.99
146	1522.80
147	3513.22
148	3294.17
149	5345.01
150	2894.57
151	2216.12
152	4183.09
153	5626.18
154	5290.96
155	4482.20
156	2219.24
157	2469.06
158	4079.17
159	4256.75
160	3223.74
161	2839.32
162	4110.48
163	5522.10
164	4344.79
165	4375.00
166	3720.36
167	5494.38
168	4581.86
169	5250.22
170	2547.17
171	2698.58
172	1832.91
173	2992.25
174	3621.66
175	3765.84
176	2325.55
177	4263.66
178	2298.77
179	2916.61
180	2847.83
181	2399.96
182	5234.04
183	2453.74
184	2485.90
185	6765.45
186	3640.89
187	7497.70
188	4066.03
189	3260.26
190	5427.48
191	3478.28
192	3550.33
193	2473.25
194	4094.31
195	5121.87
196	6709.94
197	3801.14
198	3978.44
199	5040.76
200	4749.70
201	2179.51
202	3142.62
203	4640.99
204	3337.03
205	5698.71
206	5464.54
207	4911.62
208	4403.01
209	3215.34
210	2863.41
211	5808.74
212	5540.79
213	4744.52
214	3611.51
215	7089.99
216	2873.96
217	2561.15
218	2990.89
219	3040.77
220	5119.90
221	3189.87
222	1612.05
223	2866.15
224	7131.12
225	1886.38
226	3887.40
227	2069.78
228	5334.87
229	4296.97
230	1744.44
231	3738.04
232	2538.97
233	2964.81
234	4190.71
235	2980.15
236	2882.86
237	3602.79
238	1762.47
239	3445.50
240	3159.70
241	3726.78
242	3564.30
243	4424.95
244	2754.21
245	4937.33
246	2226.99
247	4329.20
248	2392.60
249	2738.74
250	4646.03
