1	4131.10
2	2591.20
3	5436.50
4	2948.82
5	4210.98
6	4733.68
7	4725.06
8	5121.22
9	3701.15
10	3012.88
11	2342.93
12	3386.97
13	3250.41
14	3034.29
15	1845.19
16	1993.74
17	3305.18
18	2109.54
19	5862.60
20	2874.68
21	2968.40
22	4197.24
23	1164.64
24	5839.80
25	2988.44
26	2998.87
27	4151.57
28	2704.55
29	5677.24
30	5518.09
31	4638.28
32	2588.44
33	4491.66
34	4455.55
35	5290.87
36	5027.28
37	4845.90
38	2530.83
39	3897.96
40	2605.27
41	4046.84
42	4794.46
43	2052.54
44	4774.17
45	5414.73
46	3497.21
47	4330.26
48	3981.10
49	2275.11
50	3462.98
51	4669.73
52	3744.75
53	1514.79
54	2780.62
55	2102.51
56	4039.88
57	3075.79
58	5053.91
59	5577.14
60	3593.73
61	4470.05
62	2673.97
63	5911.91
64	3320.40
65	5160.99
66	2893.50
67	3856.69
68	3451.54
69	5603.78
70	5724.55
71	3396.72
72	1270.45
73	1807.85
74	2001.67
75	2643.15
76	2462.27
77	3948.27
78	3790.43
79	3854.98
80	3986.90
81	3664.26
82	1403.37
83	4615.22
84	4198.97
85	2350.17
86	3441.38
87	2158.20
88	1571.56
89	1828.50
90	2679.72
91	4735.90
92	2317.79
93	2710.68
94	3930.62
95	2724.63
96	3753.10
97	3327.73
98	2908.02
99	1305.48
100	3368.95
101	2558.07
102	1650.04
103	1500.59
104	2858.51
105	2484.31
106	2413.01
107	3956.08
108	5778.71
109	3987.19
110	4790.52
111	3057.07
112	6457.07
113	3650.63
114	4621.79
115	3963.38
116	2373.29
117	3920.55
118	3545.26
119	3237.22
120	2999.15
121	4862.30
122	3688.26
123	3676.25
124	4821.32
125	6356.56
126	3379.11
127	6416.03
128	4455.04
129	4985.39
130	5479.86
131	4983.09
132	4042.23
133	3499.01
134	1474.92
135	2790.94
136	3035.66
137	2293.03
138	4640.42
139	3048.31
140	3590.74
141	3712.23
142	1794.96
143	2095.59
144	2457.11
145	1971.73
146	2028.70
147	1566.23
148	3144.26
149	1375.96
150	1704.08
151	5676.40
152	1937.46
153	2094.97
154	2993.49
155	3875.73
156	2050.43
157	1938.83
158	2505.36
159	3742.27
160	2428.59
161	2985.76
162	1595.97
163	3951.43
164	2758.56
165	3983.91
166	3885.25
167	3171.84
168	3663.15
169	3251.68
170	4949.24
171	5594.07
172	3071.85
173	2963.33
174	3345.91
175	2862.86
176	4197.26
177	5732.29
178	6266.49
179	6030.64
180	4117.82
181	2987.22
182	3030.47
183	3147.90
184	2266.27
185	2235.96
186	2320.37
187	2331.57
188	4077.11
189	2297.24
190	3026.22
191	3204.25
192	3468.49
193	1892.36
194	2989.93
195	1751.04
196	3121.30
197	1715.23
198	3060.95
199	3713.92
200	5660.27
201	4057.49
202	5234.15
203	3391.87
204	2978.55
205	4853.09
206	1628.67
207	3550.94
208	4802.32
209	4207.63
210	3694.28
211	4878.59
212	4579.76
213	3834.66
214	3040.65
215	4008.72
216	3876.37
217	2260.26
218	6169.14
219	4066.91
220	3182.94
221	3712.45
222	2583.36
223	4414.37
224	3317.98
225	2248.95
226	4203.90
227	2849.09
228	3730.25
229	2979.59
230	3816.30
231	4548.01
232	1431.54
233	3522.29
234	3613.89
235	4138.19
236	3273.25
237	4660.16
238	4403.22
239	2086.06
240	3956.44
241	2964.63
242	4065.58
243	3289.84
244	3036.63
245	1829.20
246	2154.42
247	1731.47
248	3026.63
249	4104.79
250	4011.71
