1	2996.69
2	2793.55
3	3126.48
4	2644.64
5	3987.27
6	4580.46
7	6191.39
8	3069.39
9	1726.59
10	6106.56
11	2892.97
12	3675.45
13	6345.23
14	4337.15
15	4126.45
16	4417.85
17	4035.36
18	2275.82
19	3059.48
20	2882.52
21	2264.10
22	1917.19
23	2482.43
24	1834.98
25	3344.62
26	4625.75
27	2541.27
28	1475.55
29	3023.53
30	1334.48
31	2977.60
32	2627.79
33	1103.06
34	1557.99
35	3433.00
36	4900.11
37	3853.31
38	4324.76
39	3016.79
40	2755.57
41	4210.39
42	3270.21
43	4416.20
44	4686.16
45	2791.91
46	2697.14
47	3367.25
48	1855.95
49	3620.32
50	4824.43
51	5789.76
52	3521.02
53	2954.79
54	4451.01
55	3649.79
56	5360.08
57	4147.56
58	3471.85
59	3900.37
60	2564.99
61	2759.78
62	1833.67
63	2439.02
64	3358.55
65	4272.92
66	6531.17
67	2696.06
68	3492.77
69	5289.43
70	3150.05
71	4510.54
72	3285.98
73	3152.48
74	3741.75
75	2868.01
76	3548.25
77	3329.74
78	1869.27
79	3514.44
80	2952.93
81	5552.83
82	3794.68
83	1605.41
84	2330.33
85	2703.44
86	3068.65
87	3582.79
88	5297.42
89	3994.79
90	1594.15
91	7236.60
92	5800.44
93	4798.49
94	2624.07
95	5076.14
96	4100.81
97	3895.59
98	4602.94
99	3851.31
100	4732.69
101	6708.86
102	3316.23
103	4075.01
104	5011.54
105	3389.25
106	3005.34
107	3500.28
108	3098.56
109	2931.46
110	1971.95
111	3828.28
112	3396.82
113	4066.04
114	3046.53
115	3344.41
116	3302.07
117	2538.50
118	4482.55
119	2176.82
120	6450.76
121	3237.78
122	5019.68
123	6807.74
124	5160.63
125	5619.89
126	1646.57
127	4820.44
128	5177.41
129	1655.92
130	6131.37
131	5922.37
132	4162.22
133	3507.20
134	3937.19
135	6468.29
136	4355.09
137	6406.44
138	6136.17
139	6164.71
140	3281.47
141	3912.50
142	5681.71
143	2071.33
144	4616.16
145	5942.11
146	2006.19
147	5199.45
148	5122.65
149	3372.49
150	5205.96
151	4189.76
152	3841.32
153	7553.59
154	3931.04
155	4400.45
156	3974.26
157	3779.30
158	5996.61
159	3386.77
160	3535.93
161	3524.73
162	4085.35
163	3245.59
164	2048.13
165	3618.53
166	2638.22
167	1570.69
168	2149.91
169	3270.63
170	4354.64
171	5045.43
172	3938.35
173	2609.91
174	3781.94
175	2932.27
176	3348.94
177	2510.83
178	3041.90
179	4022.31
180	2858.88
181	3991.84
182	3398.29
183	2939.08
184	4277.06
185	1881.91
186	1605.94
187	3090.75
188	2926.25
189	3290.17
190	907.12
191	2774.47
192	4441.88
193	3043.05
194	2921.28
195	2717.02
196	3224.53
197	3235.69
198	4729.55
199	2898.31
200	4320.76
201	4322.74
202	6171.66
203	3800.25
204	2907.10
205	3411.07
206	2965.67
207	4212.37
208	4284.11
209	4406.33
210	2728.39
211	2576.94
212	4112.61
213	5727.53
214	5431.25
215	3443.04
216	4268.86
217	2921.41
218	2723.84
219	4309.13
220	1557.60
221	3449.61
222	2626.99
223	2266.61
224	3711.38
225	3415.83
226	2261.33
227	1951.35
228	3061.09
229	1416.27
230	3615.82
231	2173.36
232	1921.24
233	1434.86
234	2298.38
235	2572.84
236	2640.16
237	1899.00
238	1892.85
239	2976.55
240	2342.64
241	3899.12
242	2711.81
243	2562.77
244	3479.08
245	1432.22
246	3040.04
247	2271.38
248	2358.67
249	4421.08
250	2955.76
