1	4907.04
2	6960.77
3	5117.64
4	3085.35
5	7168.02
6	3996.67
7	3444.33
8	4369.51
9	4427.23
10	4456.65
11	2814.25
12	3840.19
13	3804.29
14	2560.22
15	3697.33
16	2825.45
17	2193.84
18	2966.89
19	3149.79
20	2800.29
21	6014.47
22	2219.47
23	5248.63
24	2350.35
25	3691.66
26	5460.40
27	4622.69
28	5940.08
29	5736.62
30	4404.22
31	5516.47
32	6073.17
33	5979.93
34	5222.05
35	3286.07
36	5462.94
37	3528.81
38	4303.75
39	4898.18
40	3475.29
41	1851.40
42	2992.89
43	4951.89
44	2411.85
45	2552.21
46	2115.27
47	2178.99
48	2723.86
49	3038.30
50	3907.20
51	2921.18
52	2343.83
53	3692.49
54	2983.25
55	4088.25
56	2463.06
57	4490.67
58	2427.58
59	4355.89
60	1203.97
61	3012.20
62	4054.30
63	3178.55
64	2437.41
65	2714.62
66	3699.54
67	2493.20
68	2974.66
69	5022.06
70	5751.37
71	4430.23
72	3632.82
73	3362.16
74	2561.87
75	6093.46
76	2492.32
77	2775.04
78	3611.85
79	4213.66
80	3783.17
81	1632.35
82	3233.15
83	2021.32
84	7017.31
85	4259.52
86	3690.01
87	2437.59
88	2276.71
89	4294.51
90	4240.18
91	3502.41
92	2894.31
93	1762.25
94	6470.57
95	6276.43
96	2508.17
97	3368.74
98	1369.48
99	2406.77
100	5047.24
101	2719.93
102	3836.97
103	2106.52
104	2227.88
105	871.37
106	2440.67
107	2223.31
108	3419.70
109	5807.04
110	4025.30
111	2255.11
112	6125.16
113	4945.27
114	5459.13
115	4382.44
116	1705.56
117	4191.35
118	2718.48
119	4079.72
120	3854.39
121	5981.53
122	2486.11
123	3476.36
124	1432.87
125	2946.33
126	3049.08
127	3164.11
128	3295.55
129	4072.10
130	3262.58
131	2719.16
132	3755.35
133	4023.36
134	4722.03
135	2963.19
136	3081.12
137	2374.14
138	2326.05
139	1982.19
140	2610.97
141	2230.37
142	2836.69
143	2343.57
144	6911.83
145	4270.95
146	4701.89
147	5528.12
148	7420.60
149	3480.14
150	5964.07
151	4520.64
152	5255.45
153	6235.22
154	3652.96
155	6122.82
156	2829.45
157	4752.38
158	4998.23
159	3428.45
160	5619.22
161	5002.71
162	5730.65
163	6680.33
164	5794.17
165	2927.44
166	3276.23
167	4898.87
168	2064.91
169	3817.81
170	4395.45
171	3850.59
172	1322.45
173	3115.07
174	3523.92
175	4174.66
176	5006.74
177	1669.73
178	4558.78
179	4247.32
180	2826.74
181	3802.41
182	4231.84
183	4553.56
184	6331.89
185	4983.55
186	4813.93
187	1869.44
188	3232.64
189	3197.44
190	4286.71
191	2356.08
192	4003.06
193	3705.46
194	2714.25
195	4304.50
196	3547.64
197	3679.74
198	4750.78
199	5424.39
200	5409.25
201	6671.47
202	5904.57
203	3490.69
204	2913.32
205	1978.99
206	3473.07
207	3284.35
208	3328.41
209	2142.66
210	3110.66
211	2799.05
212	1164.42
213	2470.27
214	2560.65
215	4351.47
216	1257.88
217	2237.36
218	3150.73
219	3338.99
220	1707.44
221	2025.38
222	2715.09
223	3348.73
224	3431.96
225	3079.46
226	4168.23
227	4442.27
228	4697.87
229	3647.33
230	2317.11
231	5244.38
232	4767.06
233	5549.49
234	2873.11
235	3190.79
236	2014.77
237	2917.63
238	3357.66
239	2865.83
240	3316.23
241	5988.31
242	4590.40
243	6665.84
244	1933.64
245	4871.96
246	5804.51
247	5036.49
248	2238.59
249	3803.48
250	2512.29
