1	4118.26
2	3012.41
3	2323.75
4	3154.17
5	2371.24
6	3970.77
7	4652.28
8	2588.76
9	2095.31
10	3085.52
11	3546.74
12	3995.28
13	3639.87
14	3207.40
15	3882.91
16	2561.49
17	3418.23
18	2177.14
19	1581.30
20	5398.06
21	3780.05
22	4292.38
23	3719.35
24	4590.67
25	7752.03
26	2353.28
27	4005.77
28	3896.48
29	4674.08
30	4127.16
31	2759.37
32	3344.63
33	4611.27
34	4417.93
35	3891.38
36	3440.70
37	3797.59
38	5590.75
39	5795.51
40	6047.72
41	3090.41
42	4648.75
43	3848.26
44	5452.16
45	4815.52
46	2357.93
47	3364.97
48	3569.32
49	4696.89
50	2256.03
51	2444.91
52	1663.69
53	3395.77
54	2127.97
55	2573.01
56	1797.57
57	1549.70
58	2367.21
59	2304.99
60	2006.85
61	3091.05
62	2759.36
63	3677.00
64	3246.92
65	993.48
66	1396.14
67	1214.81
68	3297.49
69	2576.39
70	2894.30
71	2625.46
72	3239.07
73	2702.05
74	3324.21
75	4393.00
76	3998.72
77	4588.50
78	4875.78
79	4303.73
80	6436.53
81	3137.45
82	5433.89
83	4684.96
84	3608.89
85	2443.13
86	3360.31
87	3254.89
88	3115.96
89	2697.20
90	4522.52
91	3784.49
92	4119.25
93	1164.94
94	1261.50
95	2108.03
96	2407.59
97	2730.03
98	2466.50
99	1798.88
100	2937.59
101	3300.16
102	3720.62
103	3765.20
104	2800.54
105	3124.31
106	4651.59
107	5903.24
108	2942.63
109	5553.79
110	5021.73
111	4601.47
112	6257.30
113	2073.19
114	6362.25
115	4265.65
116	5575.00
117	2969.44
118	2710.58
119	5114.74
120	4208.67
121	4288.64
122	4149.62
123	3041.44
124	3057.77
125	2717.57
126	4165.63
127	3519.18
128	3679.34
129	2578.98
130	3989.22
131	1417.66
132	3418.28
133	3633.77
134	2903.40
135	3342.68
136	2345.09
137	3165.20
138	3227.23
139	5513.65
140	5442.71
141	3628.04
142	2732.17
143	3034.88
144	4029.42
145	2598.65
146	6213.97
147	6089.63
148	5729.21
149	4005.55
150	3403.48
151	4196.45
152	1986.48
153	2603.16
154	3624.03
155	4434.51
156	1470.33
157	4048.20
158	5325.19
159	3246.91
160	3015.47
161	3802.61
162	1941.98
163	2899.29
164	4657.48
165	5120.72
166	3586.51
167	4427.36
168	3461.84
169	3161.19
170	4688.34
171	2816.21
172	5103.38
173	2503.72
174	4918.76
175	5500.33
176	4529.84
177	4243.69
178	2706.65
179	2426.06
180	2865.81
181	2334.11
182	2712.24
183	2568.69
184	3949.44
185	2099.91
186	2338.75
187	3660.45
188	5024.36
189	3361.33
190	4335.64
191	2036.80
192	3782.51
193	4026.45
194	2975.50
195	2134.06
196	1422.12
197	5003.86
198	1498.70
199	2672.11
200	3343.25
201	5480.77
202	3663.68
203	3017.82
204	5980.19
205	4123.40
206	3550.97
207	5208.55
208	3067.49
209	4377.04
210	3053.55
211	2727.84
212	2266.33
213	3900.53
214	2386.08
215	5108.54
216	2349.21
217	2279.36
218	1219.19
219	2427.46
220	6247.22
221	3186.27
222	1174.08
223	3233.79
224	4370.49
225	6269.59
226	1422.27
227	3698.02
228	4020.60
229	4175.51
230	5861.35
231	5750.25
232	5044.04
233	5117.38
234	6354.26
235	4146.86
236	3196.44
237	4176.02
238	7369.20
239	4028.06
240	3371.17
241	5107.03
242	2950.96
243	3430.28
244	3393.59
245	4601.06
246	3881.91
247	4196.30
248	2163.04
249	2595.32
250	3240.41
