1	2186.35
2	2930.81
3	4538.69
4	5727.96
5	2663.60
6	2892.19
7	4271.38
8	2414.51
9	1132.87
10	5173.00
11	2887.59
12	5326.99
13	4089.93
14	4588.32
15	6624.73
16	5499.03
17	3852.77
18	3189.40
19	5369.75
20	5583.56
21	3499.25
22	3168.97
23	3604.16
24	1508.75
25	2634.55
26	2676.61
27	2708.88
28	3024.16
29	2334.51
30	2386.54
31	3329.65
32	1494.38
33	2178.29
34	2644.81
35	2219.72
36	1102.30
37	2410.03
38	2763.87
39	1888.70
40	6250.13
41	3581.16
42	2275.53
43	4530.54
44	3371.53
45	4214.72
46	4347.08
47	3043.05
48	4205.31
49	6058.33
50	2862.60
51	2782.66
52	5601.44
53	3453.88
54	2617.43
55	5714.38
56	5788.85
57	4196.04
58	3699.59
59	4060.03
60	6730.00
61	2712.54
62	2002.96
63	4523.18
64	4743.26
65	2277.15
66	3045.46
67	4655.80
68	5865.71
69	4579.50
70	3563.61
71	3342.64
72	4844.85
73	3115.77
74	3628.83
75	2946.21
76	4568.44
77	1659.66
78	2648.85
79	4280.14
80	3039.38
81	2593.98
82	2792.30
83	3954.88
84	4632.76
85	1506.15
86	4033.46
87	3141.45
88	3607.39
89	2374.64
90	2412.32
91	3289.58
92	6143.46
93	2775.60
94	6129.95
95	4680.54
96	2938.23
97	5810.14
98	2727.51
99	3252.91
100	5188.33
101	4154.39
102	3300.19
103	6776.38
104	1871.66
105	6143.58
106	6922.40
107	5023.78
108	3959.24
109	4938.51
110	2142.10
111	2576.17
112	3555.65
113	4110.88
114	3788.39
115	2820.53
116	3200.53
117	2385.08
118	2939.44
119	4122.01
120	4115.19
121	3603.61
122	3812.95
123	6233.27
124	5650.41
125	4946.85
126	3117.39
127	3490.03
128	5403.15
129	1212.71
130	2025.96
131	4548.25
132	3642.38
133	3562.61
134	4244.15
135	3266.87
136	3592.74
137	4234.86
138	2706.90
139	1446.91
140	3547.51
141	3369.43
142	3860.35
143	2955.47
144	3209.61
145	2330.34
146	3391.74
147	3810.87
148	3326.89
149	2783.45
150	2472.32
151	1723.78
152	1827.96
153	3445.25
154	2876.91
155	1245.16
156	3902.45
157	2526.88
158	3883.19
159	3328.89
160	950.28
161	3918.17
162	4375.56
163	3203.63
164	2197.99
165	4572.17
166	4019.35
167	2427.18
168	2641.98
169	2087.13
170	6605.39
171	6223.78
172	4873.82
173	2685.66
174	3333.75
175	3104.63
176	2744.19
177	1967.64
178	3653.80
179	5342.15
180	1965.44
181	3484.20
182	5783.62
183	4254.83
184	4694.21
185	3948.90
186	4062.40
187	3792.94
188	2139.58
189	3823.81
190	2062.72
191	4591.01
192	4182.21
193	3627.92
194	2325.97
195	2079.91
196	4124.85
197	4173.06
198	3347.36
199	5238.10
200	2060.77
201	4895.01
202	4595.14
203	5350.80
204	3672.80
205	1903.32
206	4453.56
207	4427.22
208	4188.02
209	6820.32
210	4913.86
211	3368.23
212	4824.46
213	2573.44
214	6048.18
215	4315.63
216	6433.86
217	3210.61
218	3795.34
219	4012.02
220	3565.73
221	2057.47
222	3286.51
223	4865.42
224	3733.85
225	4778.96
226	2541.19
227	1722.81
228	2666.97
229	3181.64
230	3577.33
231	3431.72
232	2314.62
233	2405.73
234	2003.63
235	3170.43
236	3815.65
237	3071.07
238	3446.89
239	2685.71
240	3277.18
241	1470.76
242	2629.02
243	1835.20
244	3014.96
245	3860.62
246	3241.93
247	5008.40
248	2455.56
249	3205.37
250	2826.69
