1	3350.04
2	3071.53
3	2092.17
4	3888.76
5	3356.70
6	1878.74
7	2643.98
8	2310.40
9	2094.55
10	2946.41
11	3457.30
12	3144.78
13	3030.39
14	2555.25
15	5125.96
16	4389.45
17	4241.73
18	4507.06
19	3794.81
20	4357.95
21	2825.08
22	3157.36
23	4308.14
24	3131.25
25	3938.26
26	2895.12
27	3795.22
28	2165.84
29	4032.03
30	2732.38
31	3658.73
32	3174.07
33	6604.15
34	4506.27
35	4550.55
36	4882.83
37	4081.86
38	3705.42
39	3768.02
40	7217.46
41	5911.73
42	3756.48
43	5975.32
44	2834.86
45	2975.12
46	4629.05
47	3783.12
48	3276.53
49	1639.70
50	2323.75
51	2976.68
52	4069.84
53	2194.35
54	3229.41
55	3289.61
56	1963.10
57	1471.34
58	3574.65
59	2906.19
60	1930.14
61	2953.39
62	3625.21
63	5500.65
64	3782.06
65	5608.19
66	4509.24
67	3384.84
68	3852.89
69	2971.73
70	1093.11
71	4191.08
72	1895.59
73	2965.34
74	2684.32
75	3744.30
76	3099.53
77	1354.98
78	3441.03
79	2823.17
80	4919.31
81	3381.57
82	2608.44
83	3233.96
84	3306.59
85	2162.77
86	2653.26
87	2174.45
88	2939.65
89	2889.49
90	1392.12
91	1910.75
92	3091.92
93	2680.77
94	3370.95
95	1190.28
96	3575.29
97	4762.26
98	4846.56
99	2189.96
100	4231.95
101	4603.47
102	2802.70
103	1859.59
104	2258.81
105	1441.73
106	3487.33
107	2705.53
108	3557.06
109	2527.56
110	6359.57
111	4377.66
112	3295.12
113	1472.22
114	2480.17
115	2995.54
116	2676.88
117	3355.39
118	3312.36
119	5018.47
120	2524.97
121	7092.18
122	5497.41
123	4544.29
124	1726.46
125	2859.29
126	2138.44
127	4210.51
128	3075.65
129	2418.11
130	2441.65
131	2389.17
132	3279.10
133	1933.91
134	3960.13
135	4249.92
136	6414.42
137	4573.05
138	1233.44
139	2273.75
140	2979.68
141	4374.54
142	4433.38
143	3053.28
144	3476.71
145	4882.15
146	3790.49
147	4622.52
148	3571.20
149	3835.13
150	3076.32
151	2799.29
152	2205.27
153	3332.69
154	4806.53
155	3315.93
156	3291.47
157	3631.67
158	2543.48
159	2387.49
160	3075.18
161	4925.23
162	5003.29
163	3579.75
164	3758.06
165	6029.84
166	2106.72
167	3397.67
168	2340.25
169	3832.78
170	6769.17
171	6457.93
172	5974.86
173	2685.71
174	3591.59
175	3507.37
176	7101.91
177	4856.14
178	6435.05
179	2892.60
180	3465.05
181	3952.96
182	3170.51
183	4105.61
184	3436.83
185	2805.86
186	4804.08
187	3773.59
188	1848.57
189	2604.81
190	1023.71
191	4142.14
192	1642.20
193	3152.76
194	2183.21
195	2780.05
196	5046.16
197	6269.95
198	1622.56
199	5802.34
200	5608.63
201	4770.25
202	6440.15
203	2956.52
204	5616.83
205	3865.79
206	3828.86
207	4030.92
208	3128.13
209	2963.32
210	3872.99
211	3733.46
212	6821.13
213	4069.74
214	2164.51
215	3576.56
216	4814.85
217	3686.10
218	3339.27
219	3394.76
220	4047.74
221	4251.98
222	4039.89
223	4263.39
224	3346.36
225	3594.27
226	3181.78
227	4466.67
228	4112.15
229	3678.33
230	2268.44
231	3228.44
232	1619.62
233	1917.63
234	3833.94
235	4719.36
236	2855.59
237	4414.88
238	2927.36
239	4843.23
240	3800.73
241	3636.90
242	3695.25
243	4129.73
244	1362.03
245	5853.00
246	5266.48
247	1950.95
248	4507.76
249	3980.94
250	4425.36
