1	3741.73
2	3825.57
3	1102.68
4	4052.95
5	3459.48
6	2257.83
7	2504.19
8	3937.49
9	3910.91
10	3072.25
11	3702.72
12	4603.58
13	5716.72
14	4456.34
15	4887.34
16	5235.30
17	3428.22
18	4590.50
19	3195.03
20	3281.09
21	4656.20
22	2562.86
23	3579.61
24	3032.92
25	2006.83
26	3506.64
27	4364.58
28	6809.37
29	4670.76
30	4752.66
31	2349.75
32	3030.92
33	5263.50
34	5040.44
35	3792.53
36	5885.68
37	3500.56
38	2276.44
39	3116.69
40	2226.84
41	2367.31
42	2301.97
43	2585.04
44	2666.26
45	2224.86
46	4266.95
47	2849.84
48	3421.56
49	5184.35
50	2931.76
51	4326.67
52	3935.91
53	2803.68
54	5113.66
55	4432.75
56	3606.58
57	3938.68
58	2725.91
59	2746.96
60	3640.48
61	3053.29
62	4860.12
63	863.32
64	4595.71
65	2663.97
66	2010.62
67	3686.70
68	3732.67
69	5348.41
70	3452.25
71	3769.83
72	3010.20
73	5195.58
74	4418.55
75	2393.26
76	2615.18
77	3902.30
78	5659.44
79	3124.10
80	2096.14
81	2138.69
82	4262.91
83	2404.98
84	3575.73
85	1988.78
86	3216.08
87	1578.23
88	3344.40
89	1814.33
90	2217.98
91	3651.99
92	2509.14
93	2643.55
94	3196.88
95	2380.43
96	3127.26
97	2959.52
98	3649.04
99	4818.36
100	4024.66
101	3679.92
102	3898.37
103	5043.45
104	4801.93
105	3684.87
106	2487.68
107	2482.01
108	1865.38
109	2470.53
110	3610.81
111	4139.88
112	4954.50
113	3683.91
114	6854.37
115	5066.19
116	4808.03
117	2150.40
118	4386.01
119	5145.24
120	2163.33
121	1485.96
122	2380.69
123	5976.51
124	3431.07
125	4079.11
126	4482.61
127	2479.95
128	5177.29
129	3530.05
130	5490.94
131	3732.46
132	2245.19
133	2285.73
134	4044.42
135	3404.14
136	3938.18
137	3872.54
138	3929.04
139	4340.41
140	3469.37
141	4140.63
142	4256.03
143	3893.16
144	4009.82
145	6222.41
146	5861.33
147	5345.97
148	4161.21
149	4709.45
150	3583.59
151	6740.34
152	5383.74
153	6117.64
154	2656.48
155	4731.84
156	4680.78
157	4977.56
158	5232.54
159	5377.01
160	4367.30
161	4737.81
162	5238.60
163	5508.68
164	5571.07
165	4865.61
166	2350.38
167	3085.56
168	4531.51
169	4590.83
170	3835.48
171	4899.60
172	3889.49
173	3227.50
174	4994.05
175	4835.84
176	3844.00
177	5282.94
178	2024.23
179	4381.14
180	5288.12
181	5872.61
182	5144.32
183	4872.70
184	4197.43
185	4966.46
186	3908.06
187	6341.79
188	5569.20
189	4239.99
190	4190.80
191	4842.61
192	3296.37
193	4420.25
194	2909.83
195	5075.07
196	4357.97
197	3347.86
198	3992.10
199	3152.45
200	4125.72
201	3155.42
202	1674.61
203	4999.34
204	3051.39
205	2208.07
206	2695.53
207	2922.53
208	2320.48
209	3803.51
210	4179.40
211	5172.40
212	4689.94
213	3281.79
214	6026.65
215	3225.38
216	1555.40
217	5573.32
218	2274.28
219	3670.14
220	2266.14
221	4719.47
222	4588.86
223	3185.96
224	4270.47
225	4031.51
226	2959.91
227	2703.61
228	1944.77
229	3281.82
230	2413.27
231	2960.94
232	5057.75
233	4198.50
234	4052.28
235	4220.84
236	5130.81
237	4946.16
238	1883.29
239	4295.72
240	3701.38
241	1828.83
242	4669.31
243	3846.91
244	7552.76
245	1305.23
246	5066.97
247	4753.85
248	3088.50
249	5795.75
250	5229.60
