1	2859.91
2	2073.25
3	4704.80
4	7116.77
5	4009.80
6	3405.50
7	4072.69
8	3952.62
9	1800.71
10	4231.46
11	2687.68
12	6032.48
13	1809.85
14	2833.90
15	1535.57
16	2754.10
17	2623.56
18	2571.72
19	2359.04
20	3643.64
21	2802.90
22	2656.76
23	3485.48
24	1466.05
25	2829.56
26	2501.26
27	2319.26
28	972.35
29	2058.35
30	3157.37
31	2636.30
32	2068.52
33	3514.63
34	3183.34
35	2408.93
36	2214.95
37	1054.33
38	2881.75
39	3835.99
40	2182.78
41	2014.12
42	3625.56
43	3539.81
44	2076.16
45	2281.30
46	2460.17
47	1825.88
48	2286.74
49	2385.19
50	4372.29
51	2806.58
52	2516.24
53	1819.44
54	1682.99
55	2402.99
56	1088.16
57	2775.19
58	2778.77
59	2619.44
60	3029.79
61	3507.68
62	2183.66
63	2807.08
64	2589.17
65	3329.13
66	4930.49
67	5074.01
68	4703.08
69	2968.44
70	3612.07
71	2215.11
72	2094.06
73	3796.04
74	2064.42
75	2490.32
76	2434.27
77	1801.41
78	4314.66
79	2556.49
80	2993.50
81	1881.04
82	3609.73
83	6380.42
84	6508.32
85	5819.12
86	3120.37
87	4081.33
88	2925.75
89	2406.28
90	4538.96
91	6325.78
92	1648.90
93	2140.68
94	2719.83
95	2480.93
96	1867.81
97	2797.40
98	4495.16
99	4181.93
100	5023.47
101	3873.06
102	4582.47
103	5748.11
104	5411.43
105	1482.05
106	4091.80
107	4690.27
108	3669.81
109	3598.82
110	1905.34
111	3796.92
112	4024.76
113	3805.18
114	3135.75
115	3371.16
116	2290.51
117	2107.02
118	3615.66
119	2022.23
120	2709.75
121	1516.43
122	1459.59
123	2396.95
124	2011.78
125	3873.02
126	4820.36
127	2430.79
128	3710.55
129	2966.48
130	5056.05
131	5846.60
132	2549.24
133	1629.22
134	3223.60
135	1601.22
136	4188.39
137	4019.34
138	4230.50
139	2782.02
140	4179.81
141	1700.50
142	1814.99
143	2870.50
144	2862.23
145	5501.87
146	3767.54
147	4745.76
148	5099.73
149	7065.14
150	4457.16
151	4723.26
152	4772.32
153	2746.12
154	4643.26
155	2067.91
156	1995.49
157	1580.54
158	3903.18
159	2815.53
160	3725.64
161	4525.30
162	3760.26
163	4252.84
164	1783.76
165	5018.89
166	4698.94
167	2926.76
168	2120.33
169	4761.01
170	5300.89
171	5780.75
172	4429.29
173	5645.45
174	3047.03
175	2789.25
176	5859.82
177	3021.94
178	2350.01
179	5052.29
180	3405.49
181	4109.76
182	3970.03
183	3522.44
184	4346.53
185	4153.45
186	3664.60
187	1904.64
188	3141.10
189	2995.83
190	2533.98
191	1109.66
192	1895.74
193	2721.94
194	2897.09
195	2489.39
196	3030.84
197	3505.20
198	5259.43
199	2754.39
200	1949.01
201	2854.82
202	5011.59
203	2156.40
204	4540.16
205	4112.01
206	5988.91
207	5629.04
208	3480.83
209	2634.51
210	5040.01
211	5284.08
212	5120.57
213	3511.38
214	7256.38
215	5755.38
216	4036.77
217	2274.30
218	3159.71
219	6386.44
220	3678.72
221	3468.47
222	2180.02
223	3194.41
224	1726.93
225	3581.62
226	4879.95
227	2953.15
228	3671.39
229	2706.24
230	3280.56
231	3651.47
232	2876.47
233	2790.26
234	4329.78
235	4397.24
236	3699.16
237	3744.94
238	3636.97
239	4027.20
240	4636.30
241	4825.08
242	4119.16
243	4310.67
244	3592.53
245	3821.70
246	3989.89
247	2011.67
248	5918.52
249	3852.75
250	3991.94
