1	4415.01
2	2034.47
3	3221.64
4	5752.58
5	4335.94
6	5157.96
7	3957.73
8	3994.57
9	2309.56
10	2624.22
11	3785.87
12	5898.68
13	4251.38
14	3360.01
15	3160.47
16	4102.99
17	2201.77
18	2064.56
19	1884.21
20	3546.07
21	4142.15
22	3942.00
23	3860.88
24	3548.29
25	2016.90
26	3429.67
27	2246.97
28	4041.23
29	1485.18
30	2495.81
31	3212.23
32	2637.81
33	2780.40
34	3048.36
35	4478.47
36	2986.15
37	2522.86
38	3819.38
39	2445.84
40	2792.76
41	2393.70
42	2059.69
43	3530.53
44	3643.92
45	3986.13
46	2534.86
47	3021.55
48	2403.70
49	3067.75
50	1562.61
51	4161.90
52	3272.54
53	3571.29
54	3641.59
55	4290.41
56	3162.40
57	4311.68
58	2330.37
59	2312.44
60	3598.69
61	3209.75
62	1602.59
63	3823.99
64	2057.42
65	1994.69
66	3780.10
67	6471.66
68	3803.49
69	4501.30
70	4874.77
71	4906.69
72	3727.96
73	7495.19
74	5099.10
75	3687.99
76	4877.08
77	5749.69
78	4654.89
79	3434.98
80	4813.78
81	3501.01
82	4451.24
83	7756.57
84	5182.07
85	4300.74
86	4479.99
87	4009.87
88	3477.87
89	7494.73
90	2795.21
91	1615.81
92	4047.25
93	2213.77
94	1860.04
95	4380.24
96	4588.30
97	4465.27
98	4472.53
99	4305.39
100	1925.80
101	2567.24
102	4189.86
103	3222.70
104	4676.78
105	4417.15
106	3798.68
107	4435.29
108	5048.59
109	7478.40
110	5121.59
111	4351.91
112	4516.24
113	4605.22
114	4203.98
115	3358.83
116	1812.42
117	6374.73
118	4215.47
119	4840.66
120	4852.07
121	3997.68
122	6073.66
123	4753.12
124	3347.38
125	3434.75
126	1586.54
127	2694.40
128	3830.37
129	2633.58
130	1964.17
131	2655.89
132	2047.90
133	2678.94
134	4275.03
135	2928.90
136	3535.94
137	5322.67
138	4213.55
139	3713.02
140	3788.40
141	3086.71
142	2500.63
143	4055.69
144	3409.14
145	1595.75
146	2782.15
147	1510.58
148	2647.02
149	3473.52
150	2941.85
151	3014.77
152	3560.56
153	3041.70
154	4788.26
155	2686.63
156	5787.58
157	5975.73
158	4976.86
159	4485.09
160	3122.87
161	6198.75
162	5512.82
163	2927.00
164	3370.77
165	5431.82
166	3283.77
167	2027.85
168	4033.52
169	5576.89
170	6644.95
171	5829.08
172	3548.25
173	2331.98
174	4665.85
175	4413.37
176	4763.97
177	3617.21
178	4228.30
179	2613.71
180	2096.83
181	4294.94
182	2299.95
183	3205.44
184	3425.50
185	2251.28
186	3108.30
187	2503.39
188	3852.09
189	2569.89
190	2238.51
191	2410.31
192	3582.18
193	3022.58
194	2224.71
195	3096.28
196	1828.40
197	5434.59
198	3291.67
199	3465.57
200	3769.31
201	5461.54
202	2232.11
203	3823.57
204	4587.22
205	4214.40
206	3744.51
207	2159.85
208	2785.04
209	2012.96
210	4674.92
211	4131.01
212	5234.85
213	2406.67
214	6143.25
215	4761.01
216	2684.77
217	4552.87
218	3842.15
219	5213.88
220	5408.41
221	3044.74
222	3481.49
223	3308.14
224	3044.13
225	4006.94
226	6306.15
227	5684.56
228	4160.84
229	3046.51
230	3874.61
231	3118.08
232	4288.34
233	3099.45
234	5711.60
235	4742.67
236	3544.11
237	4100.40
238	2752.59
239	1881.34
240	7538.96
241	4463.49
242	4600.56
243	6616.73
244	3730.13
245	4063.10
246	5470.99
247	4839.42
248	4064.12
249	1938.55
250	2535.09
