1	2433.00
2	3407.86
3	3365.91
4	2330.57
5	2791.81
6	2359.40
7	5049.77
8	4432.81
9	3434.88
10	2851.52
11	3264.22
12	3128.60
13	2680.79
14	3150.48
15	3276.98
16	3612.07
17	3568.47
18	3945.51
19	4641.67
20	3352.18
21	4922.91
22	1589.49
23	3307.68
24	3403.60
25	4031.26
26	5431.03
27	1699.21
28	3005.15
29	3339.04
30	3914.23
31	2647.71
32	4257.87
33	3397.75
34	1928.33
35	7179.37
36	3671.26
37	4854.88
38	2300.52
39	1904.30
40	870.76
41	3547.79
42	1588.35
43	2317.64
44	2926.41
45	3209.19
46	3409.64
47	3291.22
48	2710.78
49	4446.47
50	2127.60
51	4198.28
52	2953.33
53	5508.55
54	2961.47
55	2390.36
56	1447.34
57	3341.67
58	4909.40
59	5092.39
60	3404.67
61	4153.60
62	3424.07
63	5423.08
64	5215.63
65	4550.62
66	3647.36
67	2457.60
68	3687.96
69	3072.62
70	3139.79
71	4302.60
72	4246.36
73	4889.37
74	4064.35
75	4541.04
76	2957.83
77	3655.98
78	5356.56
79	4024.70
80	2693.22
81	2146.88
82	1463.44
83	2210.41
84	2633.31
85	905.22
86	5098.12
87	3105.95
88	2680.26
89	2971.08
90	2240.94
91	3179.21
92	3129.65
93	3630.23
94	1718.73
95	2356.67
96	2082.55
97	2650.11
98	3718.41
99	4914.85
100	2085.49
101	4206.67
102	5525.13
103	2665.94
104	5484.98
105	2410.29
106	4080.92
107	4212.13
108	3482.92
109	2078.41
110	2742.56
111	2653.01
112	3954.37
113	2295.85
114	2359.82
115	2290.37
116	3651.00
117	3440.57
118	2813.73
119	3966.40
120	3496.89
121	3193.14
122	2683.53
123	4797.82
124	4321.76
125	5255.49
126	4185.13
127	5528.37
128	1528.17
129	3268.68
130	3221.40
131	2905.27
132	1106.13
133	2396.13
134	4696.51
135	3307.71
136	4762.64
137	2294.93
138	6199.48
139	3375.16
140	4754.90
141	4062.68
142	4134.32
143	4422.24
144	3271.71
145	3275.68
146	2933.58
147	2557.40
148	3571.00
149	4211.20
150	3591.32
151	3079.07
152	3117.98
153	2176.07
154	4738.79
155	4935.19
156	3741.89
157	5392.07
158	4280.74
159	4256.60
160	3754.23
161	3397.91
162	2273.69
163	2113.05
164	773.15
165	2155.59
166	2688.15
167	6237.35
168	3773.77
169	2386.65
170	3381.58
171	3586.07
172	2196.60
173	4971.64
174	2116.27
175	1691.53
176	1756.76
177	2838.08
178	2009.18
179	1618.50
180	1910.42
181	2735.46
182	4387.93
183	3149.57
184	2796.32
185	1757.24
186	2789.83
187	3417.62
188	2040.04
189	2917.82
190	3689.26
191	4427.76
192	5508.36
193	6393.47
194	2706.88
195	1955.40
196	2884.94
197	4493.81
198	4732.92
199	3942.75
200	4751.01
201	6693.19
202	4926.50
203	3073.56
204	2407.88
205	3008.73
206	1280.85
207	2386.92
208	3384.44
209	2742.12
210	6278.92
211	4291.00
212	5997.77
213	3486.93
214	3392.51
215	4539.63
216	5378.37
217	5163.11
218	3875.75
219	4137.10
220	4840.93
221	4108.89
222	6208.79
223	2679.17
224	4661.72
225	1497.89
226	5545.60
227	5248.95
228	4903.41
229	4894.00
230	2783.75
231	7029.44
232	6160.08
233	4131.91
234	2091.49
235	6538.57
236	4307.69
237	4171.40
238	4699.11
239	5318.01
240	5524.46
241	2156.16
242	5059.21
243	1500.03
244	5397.91
245	3684.06
246	3902.05
247	2310.17
248	2707.25
249	2925.66
250	3728.84
