1	2742.21
2	1628.76
3	4791.56
4	3404.03
5	2204.88
6	2855.54
7	2683.61
8	2637.51
9	3214.07
10	2353.06
11	1132.35
12	3003.90
13	2940.43
14	3056.98
15	3118.68
16	3503.25
17	3349.70
18	3504.76
19	3518.03
20	6210.99
21	4125.73
22	3597.71
23	1513.23
24	3357.31
25	1724.12
26	1734.61
27	2479.37
28	4385.21
29	3607.33
30	2485.83
31	2478.11
32	2427.60
33	2441.56
34	2535.54
35	2170.50
36	2293.96
37	2930.72
38	5222.59
39	4140.97
40	5014.89
41	5729.08
42	5752.62
43	5531.18
44	5985.48
45	5778.41
46	4301.02
47	4432.89
48	3603.56
49	1185.97
50	3701.72
51	4153.31
52	3100.60
53	4970.47
54	4343.30
55	5205.00
56	3292.20
57	3319.51
58	6382.91
59	3338.99
60	3293.44
61	4285.28
62	5252.60
63	5463.53
64	6429.47
65	3514.03
66	4952.11
67	3656.81
68	3910.52
69	4861.79
70	5857.42
71	3599.52
72	6467.57
73	7015.15
74	6408.34
75	2636.90
76	2359.00
77	3991.03
78	2614.04
79	5200.55
80	5862.49
81	5171.64
82	4931.64
83	5359.25
84	4356.16
85	5325.38
86	6544.15
87	4245.99
88	3239.70
89	4457.75
90	3030.34
91	3305.18
92	3376.67
93	2608.83
94	3372.94
95	4344.62
96	3803.43
97	5162.99
98	3397.17
99	1754.88
100	3117.71
101	4451.48
102	1011.64
103	2342.08
104	4212.50
105	4467.37
106	5562.78
107	3819.07
108	2125.10
109	4287.88
110	3651.35
111	3594.53
112	2545.26
113	2423.26
114	2020.40
115	4621.85
116	4177.15
117	4421.36
118	3740.40
119	3372.89
120	4118.04
121	2532.28
122	4537.51
123	4591.75
124	6781.31
125	5825.13
126	4616.07
127	3522.83
128	4651.64
129	5324.17
130	5791.92
131	4168.30
132	5246.71
133	3042.21
134	2405.18
135	5232.89
136	4331.43
137	1166.07
138	4378.92
139	2846.00
140	5088.51
141	4999.95
142	4524.29
143	3870.49
144	3929.71
145	2068.07
146	2384.82
147	2414.94
148	2677.18
149	5537.97
150	5716.43
151	4607.05
152	4917.37
153	3660.27
154	3720.89
155	2362.30
156	4826.83
157	5616.68
158	3481.90
159	1540.88
160	3755.15
161	4083.94
162	4273.70
163	4150.21
164	3692.29
165	2732.00
166	6314.73
167	4228.66
168	4064.31
169	3093.54
170	4168.09
171	4962.78
172	4776.29
173	2873.85
174	1202.80
175	2635.51
176	2922.12
177	4354.06
178	2689.14
179	3811.38
180	2951.21
181	3409.15
182	3519.89
183	4832.15
184	3746.33
185	3680.31
186	3883.73
187	3987.19
188	1969.97
189	3821.42
190	4778.45
191	3457.21
192	2820.62
193	2404.70
194	4183.00
195	6008.30
196	4673.24
197	6070.94
198	5070.74
199	5040.38
200	4251.67
201	2084.75
202	5849.39
203	3147.53
204	3821.05
205	2995.74
206	1045.80
207	3255.59
208	5446.57
209	5141.90
210	5066.32
211	2723.84
212	6105.89
213	3341.20
214	4280.48
215	7029.07
216	3601.56
217	4976.63
218	3058.77
219	2348.60
220	3507.58
221	4034.65
222	3561.55
223	2728.31
224	3831.19
225	3368.86
226	4566.13
227	4720.68
228	4917.42
229	2587.15
230	3458.44
231	3625.23
232	3663.31
233	2571.32
234	3410.59
235	2239.16
236	2586.08
237	2700.90
238	2678.30
239	2783.42
240	3034.92
241	3780.71
242	4815.85
243	2929.85
244	4988.13
245	5845.12
246	3919.14
247	3823.27
248	1659.88
249	5607.34
250	5760.10
