1	3725.11
2	2277.10
3	943.08
4	4394.12
5	3991.17
6	3433.40
7	4146.23
8	4101.75
9	4770.29
10	4299.75
11	5030.05
12	3932.76
13	3687.19
14	4068.88
15	4014.46
16	3073.99
17	4164.10
18	4714.16
19	3551.18
20	4218.75
21	3073.13
22	2311.98
23	3858.46
24	3213.75
25	4446.31
26	2903.76
27	2346.86
28	4594.08
29	4081.57
30	2768.88
31	3318.36
32	1420.96
33	2683.03
34	2366.22
35	3288.09
36	3277.27
37	2519.64
38	1348.97
39	2930.09
40	2051.72
41	2645.62
42	2696.06
43	2863.23
44	3734.45
45	3849.97
46	2160.10
47	4137.75
48	2326.72
49	3472.32
50	3164.02
51	4109.00
52	1264.11
53	3897.62
54	1469.88
55	4105.13
56	2256.69
57	2844.58
58	3411.93
59	3983.95
60	2653.82
61	3809.76
62	4198.96
63	3028.21
64	3092.34
65	4152.93
66	3788.39
67	3991.90
68	3229.91
69	3040.69
70	4005.33
71	3295.92
72	4404.63
73	3634.09
74	1309.65
75	2919.02
76	3316.19
77	3827.02
78	3842.23
79	3228.61
80	3882.87
81	4513.46
82	5902.08
83	3297.44
84	4667.09
85	4161.45
86	5506.32
87	3895.82
88	3436.75
89	4628.27
90	2870.24
91	4256.83
92	2097.30
93	6005.14
94	5029.84
95	4572.16
96	6237.06
97	6859.64
98	4030.89
99	1943.80
100	2942.83
101	2071.04
102	1814.56
103	2749.66
104	3234.37
105	2738.65
106	2671.06
107	3189.12
108	3139.88
109	3650.64
110	4306.02
111	4404.37
112	4557.76
113	3266.68
114	3179.09
115	2827.48
116	3381.05
117	2931.08
118	1784.21
119	3326.82
120	4497.02
121	4093.93
122	2763.27
123	3835.14
124	3683.82
125	2435.50
126	2412.69
127	2489.01
128	3364.55
129	4396.23
130	3265.10
131	2575.41
132	2668.67
133	3489.07
134	2676.03
135	3747.00
136	2388.45
137	3257.82
138	3169.85
139	2606.24
140	1788.95
141	3370.75
142	3957.31
143	5089.74
144	1721.27
145	3481.86
146	2722.58
147	1458.99
148	3309.68
149	3015.03
150	2363.30
151	3579.33
152	4161.74
153	2198.32
154	742.78
155	3279.02
156	2571.29
157	2109.76
158	4312.38
159	2620.87
160	4172.82
161	2276.22
162	3693.77
163	3318.91
164	2538.42
165	3697.41
166	4340.57
167	3445.58
168	2589.14
169	4597.29
170	921.71
171	3289.82
172	5458.29
173	3942.38
174	2925.90
175	3624.77
176	1810.00
177	3104.91
178	4240.16
179	3219.34
180	2682.90
181	2696.94
182	3971.15
183	4350.77
184	3955.18
185	4097.76
186	2590.49
187	2056.24
188	3234.38
189	4080.01
190	4161.29
191	4483.43
192	4173.34
193	1941.44
194	2735.27
195	2593.40
196	3849.36
197	2433.39
198	4605.38
199	2447.06
200	1788.66
201	2490.60
202	3877.13
203	4965.10
204	4258.85
205	4888.70
206	6298.49
207	2962.04
208	3159.15
209	3562.76
210	5284.79
211	4435.00
212	2170.53
213	3818.53
214	7108.79
215	3908.72
216	6432.23
217	6976.73
218	5931.10
219	2032.03
220	3636.49
221	3236.19
222	5638.49
223	1999.53
224	3375.35
225	3918.29
226	4271.42
227	1942.71
228	3044.66
229	2083.01
230	2689.57
231	2537.79
232	2482.64
233	3435.45
234	4236.39
235	2659.49
236	3454.16
237	2020.16
238	6069.75
239	2466.71
240	4334.12
241	2205.52
242	2604.99
243	3599.46
244	4311.44
245	4319.53
246	3573.90
247	2916.64
248	3878.33
249	4954.49
250	3188.37
