1	3537.33
2	2613.36
3	1552.77
4	3021.88
5	1272.27
6	2611.07
7	3049.61
8	3117.11
9	3686.70
10	3201.48
11	3378.41
12	3793.41
13	2905.59
14	3341.89
15	3344.06
16	2118.95
17	2664.96
18	3203.03
19	2519.65
20	3728.68
21	3113.92
22	3574.05
23	1569.64
24	3348.46
25	4939.42
26	3714.96
27	6427.35
28	1655.11
29	3934.33
30	4919.74
31	6084.93
32	2695.95
33	5307.55
34	5176.70
35	4393.98
36	4320.46
37	4041.43
38	4330.32
39	2944.71
40	2813.88
41	2777.64
42	2976.61
43	2848.03
44	2896.29
45	4653.29
46	4775.39
47	4197.30
48	4106.05
49	4950.23
50	2132.70
51	4824.44
52	3400.31
53	4610.50
54	3099.73
55	6429.06
56	4960.84
57	5142.78
58	4800.79
59	3514.63
60	3469.45
61	3768.34
62	5612.15
63	2983.47
64	5506.99
65	3372.64
66	3334.11
67	4006.75
68	5071.92
69	3017.33
70	3732.45
71	5125.03
72	3672.77
73	5067.01
74	3971.97
75	1968.84
76	3640.75
77	3275.62
78	2111.15
79	4254.15
80	3230.03
81	3312.88
82	3044.74
83	3039.91
84	3181.59
85	5461.02
86	5618.80
87	4911.09
88	3035.25
89	4532.13
90	5815.69
91	4227.42
92	4400.79
93	1811.95
94	3299.89
95	4850.90
96	4908.86
97	5276.55
98	1852.22
99	2935.00
100	1841.76
101	1869.68
102	2413.69
103	4117.41
104	7187.30
105	4125.56
106	5595.72
107	3222.92
108	3554.28
109	5584.90
110	5423.43
111	6911.68
112	6225.11
113	3372.72
114	6198.19
115	3821.72
116	5113.66
117	2694.77
118	6299.15
119	2993.22
120	6475.55
121	6022.69
122	4788.15
123	5211.19
124	3422.88
125	4355.04
126	7251.63
127	3699.42
128	5562.53
129	3363.19
130	2954.82
131	3602.06
132	2798.45
133	2679.09
134	1766.55
135	2195.22
136	1964.90
137	1691.78
138	2209.75
139	2177.02
140	2630.67
141	2790.01
142	2906.65
143	2841.74
144	1611.39
145	2616.67
146	3936.94
147	3495.42
148	3126.20
149	4890.82
150	3223.16
151	4201.69
152	4176.91
153	2777.86
154	4008.89
155	3015.89
156	2251.86
157	1930.05
158	1801.11
159	2952.70
160	2940.12
161	4122.63
162	3656.58
163	5404.66
164	3707.46
165	6720.76
166	2877.22
167	2269.33
168	4059.55
169	3696.96
170	3071.74
171	4398.15
172	5172.96
173	1918.18
174	3295.01
175	3680.36
176	4826.31
177	4227.62
178	1803.95
179	3313.18
180	1818.83
181	3027.84
182	3584.41
183	1133.76
184	2854.40
185	2055.43
186	2224.56
187	2690.61
188	2674.00
189	2809.99
190	3082.68
191	4265.00
192	1422.30
193	3473.05
194	3155.14
195	4191.52
196	3364.46
197	4264.54
198	4665.61
199	3516.02
200	3235.60
201	4310.71
202	3361.81
203	4304.25
204	2229.60
205	5264.10
206	4862.45
207	3766.65
208	5700.23
209	3399.66
210	4524.52
211	5131.09
212	1516.66
213	4789.98
214	2691.13
215	4094.57
216	4033.61
217	4208.61
218	4760.44
219	3652.15
220	2748.25
221	2165.13
222	3143.61
223	3291.00
224	2540.20
225	3403.76
226	834.74
227	2675.87
228	4998.70
229	3539.42
230	3213.44
231	4023.07
232	4718.45
233	6229.76
234	4606.79
235	4366.32
236	3628.70
237	4006.05
238	2896.35
239	3787.58
240	1103.12
241	3339.86
242	3893.22
243	2011.07
244	3152.63
245	6104.19
246	3864.44
247	4334.18
248	2679.47
249	2776.67
250	3121.61
