1	2433.72
2	2826.49
3	2423.57
4	722.12
5	1768.53
6	2757.40
7	2107.29
8	2070.38
9	1351.61
10	2755.51
11	2468.47
12	2548.19
13	3011.06
14	1682.54
15	1704.33
16	2595.23
17	2971.81
18	2561.61
19	3219.15
20	3107.20
21	2411.52
22	2202.51
23	1966.61
24	2656.62
25	2816.68
26	2482.08
27	1697.94
28	4145.16
29	2855.10
30	3987.77
31	1884.31
32	3436.11
33	3691.05
34	6038.73
35	4591.06
36	3771.29
37	2098.28
38	2606.06
39	4589.08
40	2036.78
41	2642.22
42	1812.64
43	3912.24
44	3644.27
45	3814.59
46	2428.80
47	3059.79
48	4848.65
49	2240.48
50	4151.17
51	5756.97
52	3368.71
53	3609.86
54	2348.09
55	4579.63
56	2998.36
57	2354.29
58	1602.29
59	3228.73
60	3023.94
61	2015.97
62	3102.86
63	3324.77
64	2756.24
65	2580.91
66	2274.56
67	2568.70
68	1774.16
69	3167.36
70	2231.94
71	3448.27
72	4001.18
73	2464.91
74	3140.01
75	3548.62
76	3343.36
77	3419.07
78	2043.47
79	3509.37
80	5339.33
81	3440.34
82	3699.20
83	4995.11
84	3693.32
85	6411.05
86	5961.22
87	2770.22
88	7017.69
89	4707.05
90	5275.43
91	3384.80
92	4090.62
93	7341.63
94	6659.65
95	3332.05
96	2798.63
97	3666.73
98	5515.34
99	4568.99
100	4559.04
101	2527.64
102	4883.36
103	3317.66
104	3015.03
105	4108.48
106	2828.61
107	3867.07
108	5173.83
109	5333.00
110	3575.06
111	4314.18
112	1199.64
113	1508.60
114	1174.82
115	2013.22
116	1689.08
117	3228.76
118	2651.69
119	3178.65
120	3443.02
121	1597.26
122	2406.46
123	2299.83
124	1213.95
125	2504.33
126	3082.24
127	3602.16
128	4311.76
129	2545.54
130	4970.46
131	1634.80
132	3185.29
133	3835.28
134	5948.08
135	4670.27
136	5045.34
137	3469.32
138	3410.17
139	4080.38
140	2840.51
141	4427.26
142	3495.87
143	1453.54
144	4197.32
145	2843.52
146	3644.55
147	3010.00
148	4183.85
149	2369.16
150	1997.10
151	6326.18
152	4780.56
153	1427.72
154	4445.20
155	3809.44
156	3913.05
157	3156.43
158	5611.87
159	5138.40
160	3153.54
161	4804.49
162	3724.32
163	2248.16
164	3826.26
165	3929.21
166	2339.52
167	2551.33
168	2788.50
169	5200.58
170	2519.16
171	3218.51
172	3577.65
173	3634.17
174	4486.48
175	3077.73
176	2810.78
177	2244.24
178	3625.04
179	3932.18
180	4488.23
181	2952.37
182	2052.04
183	2996.54
184	2662.57
185	3202.16
186	2697.68
187	2819.42
188	4139.91
189	3358.94
190	2498.49
191	2608.24
192	3372.41
193	3085.28
194	4210.39
195	2902.69
196	2596.23
197	2812.82
198	3483.16
199	1994.60
200	3964.00
201	4073.62
202	3554.42
203	3562.27
204	2922.47
205	2488.13
206	3277.35
207	3263.39
208	2588.76
209	4127.28
210	4119.19
211	2609.84
212	3824.04
213	1186.45
214	1864.00
215	4697.67
216	4510.68
217	3848.73
218	4093.89
219	4153.86
220	2568.52
221	3231.73
222	3932.32
223	2453.13
224	4585.82
225	2324.92
226	3397.38
227	3107.45
228	3606.80
229	3290.28
230	4928.81
231	5310.98
232	5269.23
233	5741.12
234	4140.27
235	7295.66
236	7381.87
237	6367.52
238	3546.06
239	7085.82
240	4143.48
241	4596.77
242	2973.72
243	3687.88
244	6188.32
245	5251.48
246	4812.36
247	3126.17
248	3912.74
249	3070.67
250	4556.86
