1	1937.97
2	3814.42
3	3767.38
4	2239.85
5	3846.08
6	3009.33
7	4865.26
8	1844.06
9	3513.33
10	4584.64
11	3183.42
12	2673.19
13	1388.42
14	2910.26
15	2261.77
16	2226.32
17	2398.30
18	1654.84
19	2624.74
20	3757.71
21	3668.60
22	3897.65
23	2962.61
24	3476.65
25	3098.68
26	1616.74
27	4533.60
28	3046.54
29	3985.35
30	3659.35
31	3162.27
32	4138.89
33	3802.55
34	4332.98
35	4087.12
36	2951.09
37	5400.28
38	2862.68
39	5337.78
40	3002.41
41	5209.17
42	3830.05
43	3498.25
44	5549.48
45	5335.44
46	4759.49
47	5792.68
48	3302.09
49	3603.33
50	3166.29
51	3795.63
52	2591.55
53	3929.35
54	4349.07
55	5767.16
56	4993.61
57	4497.03
58	2549.43
59	2520.77
60	2539.63
61	3117.03
62	2964.11
63	2536.02
64	2371.80
65	3711.91
66	4058.95
67	2665.21
68	1564.50
69	2225.78
70	2641.20
71	2634.53
72	2212.09
73	2783.82
74	3480.23
75	2920.74
76	2741.88
77	1912.79
78	3729.31
79	1336.79
80	4318.79
81	2982.55
82	5133.96
83	3702.01
84	4043.22
85	3168.29
86	2542.51
87	3056.92
88	3454.02
89	2590.21
90	1757.23
91	2859.80
92	3288.74
93	4214.13
94	909.49
95	3446.45
96	3892.97
97	3700.57
98	3263.39
99	2123.37
100	4507.48
101	3210.20
102	3360.49
103	3190.98
104	4255.28
105	2617.62
106	3088.41
107	4080.37
108	3809.62
109	3456.31
110	1745.55
111	4494.19
112	3147.84
113	2847.72
114	2673.02
115	4923.78
116	2009.37
117	2214.40
118	2353.73
119	3258.09
120	2016.65
121	3969.60
122	1672.21
123	2670.01
124	2640.55
125	3561.85
126	5122.44
127	4500.78
128	3929.03
129	2425.67
130	3095.91
131	2536.43
132	3067.64
133	2427.30
134	2277.20
135	2939.40
136	3034.48
137	6477.07
138	4062.87
139	3421.69
140	5352.30
141	5736.95
142	3768.08
143	3444.32
144	4419.25
145	3926.01
146	4225.35
147	2312.07
148	4016.39
149	3559.73
150	1979.36
151	5058.23
152	2906.23
153	2983.83
154	3819.74
155	4754.48
156	3364.64
157	3274.25
158	2974.49
159	1734.03
160	2636.77
161	3729.57
162	3158.95
163	2607.16
164	4889.35
165	1662.02
166	3292.41
167	2054.55
168	2251.73
169	2413.94
170	3107.12
171	1873.10
172	2562.17
173	4987.57
174	4211.76
175	3106.27
176	4426.79
177	3559.86
178	3664.59
179	2113.53
180	3568.54
181	2326.33
182	3287.55
183	3942.84
184	1963.69
185	4250.67
186	4423.68
187	3862.84
188	4413.53
189	2251.53
190	2070.79
191	1481.61
192	2241.37
193	2384.53
194	3623.44
195	2808.77
196	2805.16
197	2011.63
198	1928.05
199	1782.71
200	3383.52
201	7041.10
202	5413.01
203	3483.58
204	4480.45
205	2976.72
206	1441.71
207	2371.62
208	2282.57
209	3921.79
210	3198.32
211	4273.67
212	2553.35
213	2101.28
214	2165.08
215	2461.70
216	3124.12
217	2542.96
218	3811.23
219	3586.99
220	2661.89
221	3193.15
222	3005.64
223	4111.29
224	3720.23
225	2308.09
226	4022.75
227	3761.55
228	2822.05
229	2301.28
230	2994.50
231	2404.11
232	3954.01
233	3021.70
234	2072.61
235	4756.06
236	3677.39
237	3873.96
238	2878.77
239	3501.25
240	3761.29
241	3314.80
242	2924.79
243	3598.75
244	2871.17
245	3539.16
246	3056.45
247	3192.60
248	4220.56
249	3855.64
250	2872.97
