1	3163.00
2	2227.66
3	1884.61
4	1822.27
5	3580.12
6	1805.84
7	4269.69
8	4396.25
9	3957.99
10	2323.16
11	3552.06
12	3076.47
13	2170.39
14	3517.03
15	4203.15
16	4657.04
17	6720.55
18	3648.64
19	4322.63
20	3793.24
21	3698.57
22	3533.79
23	3819.52
24	4508.69
25	4385.22
26	4311.00
27	4218.35
28	1528.83
29	4944.55
30	2609.60
31	1573.34
32	1791.35
33	2533.88
34	2759.93
35	2502.47
36	3585.29
37	3746.42
38	2288.55
39	3558.57
40	2178.08
41	2727.41
42	3793.42
43	2740.49
44	2502.29
45	3590.37
46	1772.32
47	1739.13
48	1346.14
49	2470.76
50	1809.28
51	6106.35
52	1761.63
53	6011.12
54	4088.04
55	5538.38
56	2433.64
57	4168.06
58	3848.16
59	5079.76
60	4249.97
61	4944.60
62	2292.72
63	6570.88
64	4716.71
65	3879.11
66	6772.58
67	4880.61
68	3724.49
69	2402.29
70	4008.56
71	1910.38
72	3942.34
73	3349.41
74	3510.26
75	3069.63
76	2855.68
77	3953.54
78	1662.12
79	2060.38
80	2417.37
81	1632.28
82	2358.14
83	2652.41
84	2245.98
85	2010.66
86	3218.62
87	2578.81
88	1406.37
89	3364.50
90	2765.03
91	1835.86
92	2967.99
93	2240.73
94	2763.65
95	2425.99
96	1857.26
97	4397.36
98	4165.78
99	5346.73
100	5168.63
101	1626.27
102	2997.32
103	3904.73
104	3091.59
105	1030.78
106	3341.51
107	2623.37
108	3239.46
109	2815.32
110	3809.88
111	3022.29
112	1536.77
113	2659.92
114	1182.38
115	2453.92
116	4657.37
117	3550.23
118	3454.24
119	5465.40
120	3662.62
121	5241.21
122	6192.05
123	3319.13
124	2149.81
125	3700.76
126	1890.86
127	4521.50
128	3636.01
129	3564.22
130	4640.47
131	3888.15
132	2580.94
133	827.51
134	3250.43
135	2918.42
136	4480.17
137	3296.93
138	4298.84
139	4432.96
140	3421.61
141	4887.19
142	4562.79
143	5578.23
144	3605.62
145	3741.77
146	3822.80
147	3686.57
148	4116.24
149	5217.79
150	4396.40
151	2720.81
152	2357.04
153	3388.53
154	3894.75
155	6053.88
156	2066.03
157	3761.51
158	1437.70
159	4201.04
160	2605.47
161	4212.21
162	3360.75
163	4247.25
164	2465.87
165	3089.26
166	4460.09
167	3066.29
168	2816.80
169	3727.06
170	3206.31
171	2190.11
172	3645.76
173	2905.53
174	2932.34
175	4069.23
176	4286.16
177	6507.43
178	3359.25
179	3860.02
180	3468.60
181	3568.96
182	3770.98
183	3403.57
184	1641.98
185	3111.71
186	3763.72
187	5003.66
188	4154.77
189	3673.49
190	2479.48
191	4974.07
192	3891.24
193	3514.75
194	3657.13
195	4663.29
196	2799.09
197	3780.57
198	4950.96
199	3733.45
200	5169.75
201	3681.99
202	3697.16
203	5962.30
204	5582.46
205	5826.54
206	7666.74
207	3839.77
208	2440.95
209	2658.11
210	4261.04
211	6723.14
212	3511.42
213	4083.75
214	4443.36
215	3509.17
216	3893.53
217	5616.85
218	5847.23
219	4566.28
220	4491.99
221	4363.52
222	2746.88
223	2703.20
224	3162.27
225	2918.56
226	3533.86
227	2511.79
228	4837.57
229	4566.38
230	4093.87
231	5644.43
232	4094.98
233	4178.71
234	4875.39
235	3376.85
236	2519.44
237	3625.56
238	3388.04
239	2091.23
240	3034.60
241	1500.19
242	2998.27
243	4475.64
244	3031.64
245	1454.21
246	1803.79
247	2046.79
248	2848.95
249	2592.69
250	3065.39
