1	2404.86
2	4443.59
3	2478.05
4	2616.78
5	2269.22
6	4885.99
7	3682.86
8	2824.89
9	2328.33
10	980.49
11	2003.88
12	939.11
13	1381.31
14	1866.92
15	2152.20
16	1224.96
17	1697.00
18	1176.42
19	1852.58
20	1814.34
21	1800.49
22	1708.62
23	2311.30
24	3159.91
25	2426.60
26	1870.67
27	1245.08
28	1080.59
29	2311.88
30	896.17
31	1610.13
32	3173.16
33	1469.73
34	938.10
35	1185.71
36	1007.84
37	1010.06
38	1747.62
39	1831.40
40	2453.53
41	988.08
42	1962.43
43	2864.52
44	2894.84
45	2260.91
46	4144.96
47	2932.16
48	3227.71
49	2826.88
50	2373.35
51	2360.22
52	3912.37
53	4043.46
54	2372.63
55	2190.08
56	4554.55
57	2119.32
58	1385.10
59	3006.11
60	4649.57
61	3796.95
62	5196.34
63	2077.15
64	3152.50
65	3269.62
66	3367.84
67	3397.02
68	3944.72
69	2914.35
70	2701.24
71	4426.31
72	4649.22
73	1642.16
74	3268.47
75	1997.79
76	2716.78
77	1672.17
78	3133.30
79	2367.82
80	1922.65
81	1666.84
82	1609.06
83	1803.48
84	1591.69
85	905.20
86	1080.19
87	1584.72
88	1029.17
89	1636.70
90	2682.78
91	3025.14
92	1399.31
93	1848.35
94	875.22
95	1606.70
96	1675.71
97	1946.48
98	1879.60
99	1373.02
100	2363.34
101	966.58
102	544.25
103	2821.90
104	2961.49
105	2608.20
106	3519.85
107	3474.70
108	2994.32
109	2377.86
110	2008.78
111	1639.34
112	3263.67
113	2689.43
114	3510.27
115	1311.28
116	1664.51
117	1276.92
118	4652.18
119	3897.58
120	2219.50
121	1307.85
122	1729.60
123	1462.73
124	2596.51
125	3501.32
126	1859.18
127	1375.41
128	1556.11
129	1145.48
130	735.72
131	976.42
132	856.93
133	948.37
134	1684.79
135	2172.91
136	3372.99
137	4076.94
138	3612.97
139	4961.59
140	4991.94
141	1666.48
142	1531.97
143	2964.44
144	2735.50
145	1888.11
146	2511.70
147	2539.13
148	2316.95
149	1882.33
150	1837.22
151	887.85
152	1381.49
153	3093.90
154	1061.64
155	2128.75
156	1220.51
157	1124.25
158	2413.93
159	1011.57
160	808.30
161	1575.10
162	837.78
163	3265.32
164	2776.33
165	1263.77
166	2660.59
167	2824.54
168	4241.55
169	2992.14
170	4203.63
171	3394.84
172	3003.80
173	2552.94
174	4285.65
175	3389.51
176	2933.24
177	1189.65
178	1595.70
179	1027.12
180	718.05
181	1514.43
182	2101.10
183	1277.48
184	1650.35
185	1034.25
186	993.21
187	1900.28
188	1670.98
189	2148.91
190	993.66
191	1524.88
192	1573.83
193	2028.74
194	1505.26
195	1414.14
196	1352.13
197	1515.79
198	1171.71
199	1592.90
200	1052.29
201	1206.07
202	658.72
203	1431.80
204	1753.68
205	516.63
206	2227.39
207	823.71
208	1618.70
209	2410.88
210	2117.71
211	2415.11
212	2165.06
213	2087.66
214	1514.16
215	862.59
216	1449.33
217	1644.95
218	2424.68
219	1526.16
220	2213.84
221	3733.13
222	2880.42
223	3289.11
224	1466.58
225	1960.98
226	3061.66
227	592.95
228	4943.37
229	2198.39
230	2841.91
231	3925.58
232	2145.12
233	1020.73
234	2776.99
235	2097.00
236	3706.83
237	2095.46
238	4406.98
239	2802.78
240	2939.51
241	3925.81
242	3715.34
243	2523.38
244	2052.81
245	4719.18
246	4037.85
247	2278.89
248	911.30
249	2182.54
250	1471.86
