1	3021.79
2	2658.22
3	2672.15
4	1179.37
5	2003.86
6	1838.76
7	2703.91
8	2077.35
9	2805.49
10	1849.62
11	2691.31
12	8261.57
13	1938.71
14	762.26
15	3226.57
16	3749.89
17	6712.77
18	2161.26
19	1646.89
20	6468.87
21	4513.29
22	2579.94
23	6230.45
24	2666.68
25	3848.35
26	1887.39
27	3396.34
28	3855.78
29	5761.21
30	3266.00
31	6961.18
32	4493.43
33	6415.55
34	6427.77
35	7651.05
36	2634.48
37	3133.55
38	5830.78
39	7782.38
40	4304.22
41	3748.91
42	4076.70
43	3829.04
44	5099.55
45	2963.25
46	3664.37
47	3588.07
48	6383.48
49	2855.57
50	1701.78
51	5186.95
52	1477.86
53	4022.33
54	753.11
55	1634.95
56	2653.27
57	3951.27
58	4125.79
59	2004.74
60	4851.44
61	2379.29
62	3622.08
63	4309.23
64	5503.48
65	3482.09
66	3368.47
67	4587.86
68	5020.93
69	5693.64
70	7728.67
71	2959.44
72	1900.22
73	4123.08
74	3834.06
75	1933.15
76	4332.12
77	2560.10
78	2562.95
79	3236.37
80	4715.45
81	1148.58
82	3655.68
83	5069.12
84	3318.94
85	4148.47
86	2957.72
87	5771.31
88	6198.25
89	4558.11
90	6051.76
91	2057.93
92	3798.61
93	6093.37
94	2930.00
95	1887.63
96	3593.34
97	3941.59
98	2651.94
99	3220.86
100	3560.68
101	1061.20
102	2630.44
103	2697.54
104	2430.28
105	3249.70
106	1118.26
107	3934.35
108	2230.41
109	3132.08
110	2862.94
111	3638.88
112	2719.29
113	2922.98
114	3758.24
115	2868.79
116	1834.02
117	1789.72
118	1573.18
119	1477.56
120	2958.85
121	2022.76
122	2455.67
123	2934.79
124	1919.82
125	5335.06
126	1746.21
127	4989.09
128	3400.96
129	3212.32
130	2656.12
131	4310.10
132	2514.71
133	2152.02
134	2834.42
135	2221.29
136	1194.25
137	1961.90
138	2799.46
139	3432.68
140	3421.12
141	724.36
142	3944.53
143	3338.01
144	2003.28
145	3194.36
146	3270.36
147	3362.19
148	2207.19
149	3076.86
150	3571.66
151	2648.42
152	2680.67
153	6096.65
154	4363.16
155	6161.32
156	5674.17
157	4486.00
158	2871.69
159	4658.48
160	6354.59
161	3457.06
162	2762.87
163	4785.43
164	5666.55
165	4667.67
166	4353.87
167	2757.14
168	7252.09
169	4607.99
170	4533.17
171	4501.56
172	1181.66
173	1750.03
174	2699.57
175	1107.79
176	2560.48
177	2389.29
178	4223.66
179	2083.01
180	3597.22
181	2304.04
182	3161.18
183	2484.46
184	2584.81
185	2047.16
186	3678.15
187	3223.24
188	2929.12
189	2540.96
190	3050.01
191	2043.16
192	953.68
193	3070.79
194	2506.58
195	2848.32
196	4598.07
197	4123.84
198	3081.72
199	3044.15
200	3398.27
201	3739.36
202	3895.88
203	2575.17
204	3480.12
205	658.00
206	2895.86
207	2228.70
208	6048.15
209	2551.62
210	4957.78
211	969.75
212	4722.88
213	3520.37
214	5649.75
215	3379.53
216	3601.38
217	3250.83
218	7728.89
219	5022.36
220	2337.74
221	6627.91
222	3630.47
223	2631.66
224	762.83
225	6333.03
226	2884.84
227	5640.79
228	4710.73
229	1490.32
230	4404.46
231	1476.78
232	3211.30
233	5216.56
234	3367.88
235	4038.63
236	4701.80
237	2391.82
238	3848.53
239	4842.26
240	1093.52
241	4389.89
242	4860.03
243	3439.19
244	5630.90
245	2227.80
246	1865.09
247	3354.98
248	2777.37
249	3654.46
250	2886.38
