1	2483.72
2	3167.66
3	3812.30
4	2939.60
5	3984.24
6	2840.97
7	2563.11
8	2861.29
9	3114.89
10	2539.64
11	3412.36
12	2139.16
13	2891.29
14	2015.57
15	1301.88
16	4868.25
17	3572.67
18	4414.98
19	1951.84
20	4092.81
21	5553.94
22	2390.23
23	3874.34
24	647.01
25	3951.88
26	5528.10
27	2944.65
28	1833.28
29	3381.29
30	1758.83
31	2928.99
32	1617.47
33	2700.07
34	1176.89
35	3224.79
36	2877.51
37	1987.24
38	2729.79
39	1909.16
40	1094.24
41	2946.75
42	976.24
43	3322.90
44	2151.76
45	3367.54
46	5198.24
47	5445.64
48	3629.44
49	2104.08
50	3727.33
51	2096.49
52	2724.73
53	3023.92
54	3490.27
55	1134.07
56	3502.95
57	3048.31
58	2459.95
59	2960.47
60	4914.37
61	1967.89
62	2502.70
63	2670.52
64	1730.03
65	3140.24
66	2236.43
67	2605.85
68	1611.06
69	2041.86
70	2868.58
71	2487.53
72	5305.40
73	4835.68
74	4432.43
75	4629.06
76	3838.18
77	3562.88
78	3794.04
79	3975.76
80	4327.43
81	4032.82
82	4727.38
83	1963.83
84	3435.68
85	3667.87
86	3228.52
87	2774.10
88	2365.02
89	5482.28
90	3308.23
91	5717.03
92	2347.62
93	1658.40
94	2426.21
95	4484.09
96	3818.22
97	2869.19
98	4040.56
99	3850.89
100	6948.16
101	3767.36
102	1648.80
103	1213.52
104	3255.75
105	4735.94
106	2522.40
107	3604.94
108	3383.04
109	2796.74
110	3642.80
111	2964.27
112	3549.39
113	2157.54
114	4587.24
115	2257.37
116	8077.52
117	4365.61
118	2949.33
119	7688.79
120	4102.21
121	4635.73
122	3680.22
123	5846.33
124	5855.11
125	3292.51
126	2059.11
127	2335.70
128	4803.11
129	2967.74
130	4090.46
131	2124.56
132	4520.44
133	4120.01
134	3928.41
135	3814.94
136	4268.12
137	7354.22
138	4689.01
139	3159.35
140	2490.11
141	2504.40
142	1408.61
143	3958.05
144	4541.02
145	7361.33
146	3278.31
147	2833.54
148	3295.91
149	2486.03
150	4519.54
151	1987.22
152	3464.06
153	7793.82
154	2918.32
155	7827.98
156	3313.44
157	3020.20
158	3073.23
159	4936.69
160	7765.07
161	4684.70
162	3635.67
163	6300.37
164	7668.54
165	6667.94
166	3738.32
167	4451.36
168	5989.72
169	691.87
170	4427.50
171	2632.92
172	2583.44
173	2129.10
174	5394.95
175	3790.21
176	7721.45
177	5147.25
178	2162.79
179	5588.49
180	1555.90
181	1892.80
182	5004.20
183	3021.24
184	3389.62
185	2679.58
186	2914.14
187	2733.29
188	3237.84
189	3063.52
190	2771.41
191	2476.06
192	1178.19
193	3660.20
194	3833.69
195	2138.13
196	1359.26
197	3397.68
198	2809.24
199	2110.90
200	3134.19
201	4672.49
202	4254.37
203	3750.91
204	5654.36
205	4733.65
206	5220.98
207	3444.03
208	6532.31
209	6314.73
210	4498.06
211	3943.66
212	1792.32
213	5729.97
214	5399.64
215	4944.63
216	1597.43
217	2625.95
218	5683.74
219	4730.74
220	7351.90
221	1410.90
222	4714.74
223	4433.77
224	3508.58
225	5244.96
226	5190.20
227	7636.79
228	2628.24
229	4460.21
230	7419.15
231	4233.12
232	6300.23
233	4680.99
234	2970.67
235	3509.96
236	6128.02
237	6533.44
238	3660.80
239	5518.87
240	2323.60
241	1706.31
242	3761.81
243	3684.13
244	3317.85
245	3024.96
246	2883.41
247	889.21
248	4292.26
249	2104.96
250	2998.05
