1	3294.68
2	2117.63
3	2465.87
4	3346.28
5	3391.19
6	3005.19
7	2885.38
8	2346.94
9	3012.45
10	2225.92
11	2927.26
12	2780.92
13	3209.65
14	2427.07
15	2958.07
16	3036.59
17	2190.81
18	2718.12
19	3438.63
20	2696.22
21	2485.69
22	2868.33
23	2502.45
24	2861.57
25	2572.62
26	2630.84
27	2870.39
28	3321.16
29	2865.94
30	3464.19
31	1625.82
32	2415.37
33	2758.00
34	2222.41
35	2002.02
36	2948.52
37	2946.35
38	2784.69
39	2837.66
40	2204.72
41	2391.16
42	2586.66
43	2296.09
44	2805.94
45	3822.61
46	2398.88
47	2963.72
48	2122.79
49	3309.78
50	2155.43
51	2744.36
52	2330.70
53	2896.01
54	2645.68
55	2618.01
56	4114.55
57	2324.98
58	2616.56
59	3981.51
60	2066.65
61	2916.50
62	2101.77
63	3155.32
64	2803.76
65	2966.06
66	2500.57
67	2762.60
68	3376.26
69	1502.45
70	1823.35
71	2847.73
72	2312.62
73	2491.83
74	1891.54
75	2187.58
76	2437.91
77	2277.10
78	2206.76
79	2429.08
80	2168.67
81	3310.94
82	2145.78
83	3548.97
84	2452.78
85	1914.13
86	2330.66
87	3107.25
88	3167.96
89	2720.11
90	2783.70
91	2956.45
92	1910.48
93	2349.15
94	1724.93
95	2415.45
96	3114.64
97	2998.72
98	3783.91
99	2723.36
100	1561.75
101	3484.70
102	3281.14
103	2348.68
104	2751.31
105	3029.73
106	2832.35
107	2988.18
108	2583.64
109	2620.59
110	2684.04
111	2245.17
112	3351.48
113	2643.17
114	2983.24
115	2212.53
116	2102.38
117	2594.52
118	2513.61
119	3237.41
120	2943.03
121	2910.26
122	1917.53
123	2156.15
124	2741.03
125	2466.06
126	3285.04
127	3310.58
128	2349.60
129	3077.57
130	3337.72
131	2800.49
132	3451.69
133	3171.22
134	2747.05
135	3078.40
136	2737.20
137	2432.55
138	2819.23
139	2658.11
140	2457.68
141	3525.51
142	2750.64
143	4005.19
144	2491.92
145	2922.15
146	3431.31
147	4004.62
148	2791.78
149	2244.87
150	3041.69
151	1980.05
152	2503.08
153	2775.93
154	3384.78
155	3358.57
156	2626.22
157	3101.97
158	2479.36
159	2970.56
160	3597.65
161	2718.38
162	2489.73
163	2389.98
164	2998.24
165	3308.64
166	3702.84
167	2667.02
168	2721.52
169	2323.65
170	3446.00
171	2602.28
172	2403.38
173	3732.12
174	3044.94
175	2998.17
176	2137.21
177	2856.99
178	2900.07
179	2093.88
180	2527.10
181	2437.54
182	2903.93
183	2136.52
184	3184.51
185	3532.44
186	2488.12
187	2635.65
188	2893.32
189	3241.63
190	2901.01
191	2838.52
192	2398.59
193	2524.25
194	2946.69
195	3481.43
196	2924.20
197	2036.99
198	2856.53
199	2593.94
200	2517.97
201	2530.41
202	2200.12
203	2479.60
204	2247.79
205	2457.52
206	2698.64
207	2727.17
208	2532.17
209	2563.69
210	2656.84
211	2869.14
212	3280.82
213	2950.05
214	2496.66
215	2939.01
216	2517.23
217	1749.63
218	1466.38
219	1783.20
220	2521.44
221	2330.19
222	2279.92
223	2660.33
224	2310.51
225	2324.74
226	2944.81
227	3031.17
228	3858.29
229	2791.20
230	2669.16
231	2352.93
232	2542.39
233	2614.73
234	1762.11
235	2511.32
236	3014.77
237	2354.62
238	2887.12
239	3135.72
240	3178.57
241	3028.42
242	1510.08
243	2357.81
244	3090.75
245	2837.34
246	2642.43
247	2858.46
248	3205.04
249	2716.89
250	2260.69
