1	2871.84
2	2623.48
3	3138.61
4	1998.24
5	2860.87
6	3311.62
7	2726.02
8	3128.41
9	2926.22
10	3132.51
11	2593.27
12	3675.63
13	3038.31
14	2910.50
15	2244.70
16	2743.43
17	2117.20
18	2695.71
19	2225.43
20	2808.02
21	2916.10
22	2597.73
23	3656.45
24	3524.45
25	3546.95
26	3135.36
27	3230.00
28	2511.38
29	2905.91
30	2278.79
31	2959.92
32	3411.08
33	2289.57
34	2735.56
35	2106.96
36	3143.14
37	3455.41
38	3411.73
39	2327.17
40	2485.48
41	2788.92
42	2642.44
43	2576.22
44	1577.73
45	3158.34
46	2722.79
47	3186.68
48	2972.26
49	1350.73
50	2689.34
51	3233.04
52	3362.58
53	2681.39
54	3100.26
55	2958.99
56	3300.94
57	3821.80
58	2384.28
59	3889.97
60	2947.23
61	2440.48
62	2434.83
63	2898.88
64	2909.01
65	3045.46
66	3253.50
67	3020.80
68	2327.75
69	2494.92
70	2460.56
71	2544.77
72	3017.58
73	3010.36
74	2726.23
75	2340.58
76	2677.08
77	3138.52
78	2775.20
79	3560.17
80	2430.80
81	2987.09
82	3415.69
83	2409.87
84	2811.95
85	2232.63
86	2374.45
87	2116.36
88	2372.63
89	3023.82
90	2719.92
91	3131.52
92	3353.87
93	3021.28
94	3227.74
95	3217.49
96	4018.66
97	3218.60
98	2094.00
99	2987.88
100	3173.71
101	3311.33
102	3248.57
103	2594.05
104	2853.85
105	3012.60
106	2947.87
107	3854.50
108	2037.74
109	3267.84
110	3433.21
111	2544.70
112	3087.83
113	2795.50
114	2323.29
115	2890.34
116	3674.07
117	2640.43
118	3153.76
119	2279.33
120	2379.17
121	2220.48
122	2122.66
123	2368.74
124	2390.18
125	2618.97
126	2018.23
127	2586.57
128	2452.54
129	2443.13
130	2681.58
131	3425.88
132	2837.60
133	3050.51
134	3632.75
135	3182.30
136	2904.69
137	3383.01
138	3954.94
139	2581.52
140	3264.19
141	2433.00
142	2215.77
143	2501.30
144	2803.13
145	1859.13
146	2040.70
147	2811.47
148	3140.28
149	3232.73
150	3058.67
151	2750.10
152	3105.01
153	4086.43
154	3828.41
155	2810.31
156	3547.22
157	2529.71
158	3015.40
159	2912.21
160	3221.65
161	2232.53
162	3152.13
163	2924.31
164	3004.38
165	2325.69
166	2643.21
167	2067.93
168	2473.07
169	2355.05
170	2665.19
171	2924.62
172	3263.98
173	2305.47
174	2986.81
175	3383.24
176	3320.66
177	2042.78
178	3206.01
179	2755.62
180	3530.70
181	3304.65
182	2665.58
183	2974.71
184	3095.43
185	1609.41
186	2533.01
187	2642.28
188	2267.62
189	1723.82
190	3260.02
191	2533.11
192	3426.08
193	2360.88
194	3316.56
195	3191.72
196	3119.95
197	2321.00
198	2750.84
199	2605.03
200	2360.06
201	2617.49
202	2029.41
203	2761.30
204	2741.27
205	2424.32
206	3158.67
207	2315.70
208	2715.91
209	3102.46
210	2946.61
211	1641.31
212	2453.79
213	2636.95
214	2563.34
215	2163.52
216	2818.44
217	2756.18
218	3479.80
219	2896.11
220	3192.74
221	2774.80
222	1927.27
223	2103.36
224	2464.30
225	2623.14
226	3128.18
227	2422.77
228	2525.60
229	2967.93
230	2558.98
231	2225.79
232	2562.98
233	2499.86
234	3185.58
235	2950.97
236	3112.97
237	2610.13
238	3898.36
239	2894.55
240	2380.09
241	2178.20
242	2889.33
243	2636.68
244	2164.05
245	2605.09
246	2025.99
247	3181.21
248	3811.85
249	3210.12
250	2678.41
