1	2961.29
2	2730.78
3	3032.86
4	3312.50
5	2073.00
6	2142.32
7	2560.11
8	3084.10
9	3042.85
10	2692.33
11	3160.05
12	3909.39
13	2330.48
14	2446.96
15	1955.00
16	2936.81
17	3267.40
18	2684.25
19	3415.02
20	2754.22
21	2991.85
22	3376.94
23	3163.96
24	3027.84
25	3583.24
26	2412.97
27	2637.63
28	3018.10
29	2691.48
30	2588.07
31	3230.19
32	2616.18
33	3067.53
34	2778.31
35	2652.10
36	3098.63
37	3015.55
38	1883.15
39	2700.47
40	2330.69
41	2925.95
42	2511.27
43	2862.92
44	3496.79
45	3720.88
46	3269.27
47	2070.94
48	3603.60
49	3407.54
50	2996.72
51	4085.24
52	2639.52
53	3766.84
54	2316.75
55	2671.38
56	2283.72
57	3151.31
58	3051.97
59	2544.39
60	2166.51
61	1521.19
62	2393.19
63	2152.74
64	3200.54
65	3408.71
66	1868.92
67	1996.31
68	2630.53
69	3343.67
70	3496.60
71	3605.24
72	2671.80
73	2541.19
74	2353.12
75	3145.46
76	3252.40
77	2104.93
78	2800.09
79	2604.35
80	3171.08
81	3441.94
82	3469.76
83	3113.75
84	2660.64
85	2631.17
86	2282.83
87	3452.17
88	2420.82
89	1896.33
90	2456.49
91	3595.53
92	2996.42
93	2686.62
94	2972.15
95	3064.22
96	3088.97
97	2779.86
98	4012.21
99	3399.12
100	1631.53
101	2394.29
102	2853.75
103	3118.59
104	2727.62
105	2847.07
106	2707.54
107	2211.82
108	3934.88
109	2771.94
110	4032.33
111	2424.89
112	2741.41
113	2215.58
114	2442.20
115	3321.02
116	3247.88
117	2432.26
118	2945.48
119	2649.80
120	3283.82
121	2485.34
122	3647.89
123	2094.82
124	3015.37
125	2113.49
126	2507.17
127	2332.20
128	3644.41
129	2788.74
130	3032.91
131	2149.05
132	2389.96
133	3043.79
134	2818.44
135	3200.32
136	3448.56
137	2410.31
138	2384.74
139	3098.05
140	2809.59
141	2876.45
142	2427.22
143	2395.71
144	3093.40
145	3650.07
146	2696.74
147	3424.08
148	3554.86
149	3406.00
150	3628.21
151	3049.39
152	2062.88
153	2458.12
154	2792.72
155	2144.03
156	2607.90
157	3507.35
158	2479.76
159	2971.49
160	3010.64
161	3792.62
162	2744.09
163	3192.68
164	2254.33
165	2431.43
166	3033.27
167	3132.18
168	2633.92
169	3007.37
170	2533.63
171	3157.12
172	2518.83
173	2995.65
174	3046.21
175	3586.44
176	2315.27
177	2976.88
178	2006.80
179	2933.42
180	3262.16
181	2336.41
182	2767.43
183	3484.31
184	3697.89
185	2871.02
186	3612.91
187	2790.72
188	2433.03
189	2818.08
190	1998.70
191	2456.87
192	2559.39
193	3559.21
194	2981.28
195	3892.07
196	3092.57
197	3046.82
198	2758.13
199	2424.23
200	2954.74
201	2681.93
202	2091.37
203	3127.47
204	2787.50
205	3001.00
206	2609.80
207	3212.70
208	2570.73
209	3047.89
210	3204.10
211	2807.32
212	2409.82
213	2989.32
214	3408.60
215	1780.98
216	2927.00
217	2940.57
218	3044.98
219	2680.66
220	3039.09
221	2592.96
222	2997.65
223	3444.07
224	2824.62
225	2330.39
226	2818.31
227	3087.05
228	2734.89
229	3700.64
230	2649.42
231	2657.46
232	3684.83
233	3019.32
234	3137.65
235	3536.82
236	2542.41
237	2777.15
238	3304.75
239	2471.67
240	2989.43
241	2288.29
242	3124.66
243	3987.83
244	2788.73
245	2668.87
246	3700.54
247	2401.00
248	2681.70
249	2853.60
250	3173.50
