1	2894.47
2	3253.58
3	3035.19
4	2570.48
5	1836.85
6	2498.95
7	3231.25
8	3428.21
9	3012.82
10	3353.56
11	3051.41
12	3616.13
13	3639.57
14	2598.34
15	2900.08
16	3190.64
17	3531.66
18	2963.83
19	2632.58
20	2875.05
21	2223.51
22	2623.90
23	2460.23
24	2981.15
25	2767.93
26	3462.83
27	2988.22
28	2323.23
29	3109.63
30	2392.39
31	2993.66
32	4112.63
33	2671.18
34	2990.83
35	3462.91
36	2382.45
37	3517.16
38	2689.59
39	3306.35
40	2623.10
41	3755.35
42	3486.60
43	2546.94
44	3804.60
45	2750.28
46	3293.30
47	2978.94
48	2887.56
49	3905.50
50	2120.69
51	2131.28
52	3295.94
53	1808.22
54	3300.83
55	3543.51
56	2146.80
57	2873.74
58	2590.62
59	3356.34
60	2573.37
61	3291.89
62	2507.85
63	3428.70
64	3076.41
65	2297.06
66	2314.45
67	2918.32
68	1900.98
69	3347.87
70	3628.23
71	3220.67
72	2316.26
73	3010.24
74	4008.85
75	3518.84
76	3162.90
77	3327.06
78	3561.71
79	2986.04
80	2836.74
81	2755.11
82	2970.77
83	2773.86
84	2507.94
85	2425.17
86	3193.93
87	2607.44
88	2419.41
89	2204.33
90	2203.22
91	3233.30
92	2707.97
93	3199.53
94	3497.70
95	2756.59
96	3252.73
97	4337.98
98	2722.32
99	3113.80
100	2737.26
101	3448.47
102	2689.89
103	2681.42
104	3221.49
105	2879.12
106	2547.68
107	1806.59
108	2186.07
109	2619.67
110	3284.16
111	3239.46
112	3163.09
113	3403.91
114	2790.31
115	3080.79
116	2859.07
117	3114.62
118	2797.25
119	3406.39
120	2109.16
121	4070.96
122	2754.87
123	2273.95
124	2317.49
125	2869.37
126	3540.90
127	2418.35
128	3099.51
129	2477.11
130	3367.34
131	2614.16
132	2491.24
133	3978.20
134	3029.74
135	3544.10
136	3368.75
137	2995.13
138	3566.70
139	2832.96
140	3163.03
141	2113.11
142	2279.02
143	3272.61
144	2712.95
145	2684.91
146	3082.12
147	1575.47
148	2709.85
149	2350.06
150	3126.16
151	2905.27
152	2124.00
153	2840.33
154	2777.11
155	3152.17
156	2577.15
157	2215.25
158	2852.21
159	3140.65
160	3070.45
161	3220.30
162	2421.63
163	2464.04
164	2555.43
165	3198.63
166	3031.82
167	3065.49
168	3398.75
169	3228.83
170	2802.92
171	2970.80
172	4004.04
173	3610.84
174	2665.73
175	1957.69
176	2693.79
177	2957.12
178	1891.18
179	3541.44
180	3599.66
181	2884.17
182	2693.91
183	3265.70
184	3255.54
185	2825.96
186	2611.83
187	3018.79
188	3820.75
189	2162.49
190	3749.02
191	1971.88
192	2471.53
193	3177.24
194	3444.75
195	2458.26
196	2798.10
197	2481.91
198	2119.39
199	3460.48
200	2649.32
201	2905.29
202	3946.51
203	3060.89
204	2876.90
205	3250.14
206	3010.16
207	2286.79
208	3257.14
209	2894.20
210	2845.50
211	3270.96
212	2987.76
213	2616.02
214	2286.30
215	3215.59
216	3283.72
217	2991.62
218	2935.87
219	2845.13
220	2830.85
221	2784.97
222	3606.80
223	3470.31
224	2703.57
225	3259.86
226	2600.11
227	2531.59
228	2828.87
229	2993.64
230	2607.27
231	2170.39
232	3290.17
233	2666.94
234	2901.48
235	3182.36
236	2931.69
237	2901.33
238	3068.75
239	3164.36
240	2601.75
241	3066.01
242	3193.36
243	3066.38
244	2128.65
245	3463.71
246	2369.85
247	3862.63
248	2559.29
249	2780.22
250	3434.67
