1	2220.93
2	3131.89
3	3267.84
4	3168.97
5	2536.44
6	3127.58
7	2410.23
8	3049.40
9	2624.11
10	2994.64
11	2492.11
12	3106.56
13	2654.02
14	2474.06
15	1796.76
16	3135.28
17	3769.23
18	2622.32
19	3619.43
20	2807.65
21	2493.88
22	2941.32
23	2695.87
24	3247.21
25	2470.36
26	2964.70
27	3043.89
28	2963.62
29	3043.27
30	2688.21
31	2160.52
32	3069.04
33	2427.19
34	3456.81
35	2746.00
36	3331.37
37	3762.13
38	2730.32
39	2599.11
40	3455.86
41	3058.45
42	2918.64
43	2971.11
44	2530.49
45	3424.92
46	2670.05
47	3455.05
48	2656.93
49	3627.96
50	3048.57
51	1348.65
52	2808.70
53	3529.98
54	2740.57
55	2574.68
56	3124.42
57	3632.00
58	3270.96
59	2956.64
60	3157.61
61	3159.17
62	2809.93
63	3098.80
64	2893.53
65	3250.73
66	3210.55
67	2186.23
68	2626.53
69	2284.75
70	2948.03
71	1761.14
72	2840.98
73	3429.08
74	3118.15
75	3605.76
76	2892.69
77	2631.10
78	1982.62
79	4217.77
80	3045.39
81	3432.80
82	3167.61
83	2706.33
84	2740.18
85	1637.74
86	2396.86
87	2687.92
88	2569.40
89	3263.78
90	3128.31
91	2646.91
92	2307.68
93	3290.89
94	2859.81
95	3067.08
96	3073.02
97	2840.25
98	3258.10
99	3013.97
100	2923.33
101	2367.63
102	2919.93
103	3358.43
104	2695.62
105	3100.54
106	3217.49
107	4565.29
108	2540.77
109	2798.02
110	2685.04
111	2133.52
112	2991.85
113	3062.71
114	2718.77
115	2877.52
116	2848.81
117	2748.90
118	2473.20
119	2540.35
120	2441.48
121	3249.46
122	2887.06
123	3064.03
124	2549.47
125	1816.83
126	2924.89
127	3213.06
128	3471.79
129	1989.17
130	3048.44
131	2979.26
132	2923.07
133	2844.70
134	3872.33
135	2321.01
136	3000.70
137	3120.89
138	1911.64
139	3119.40
140	3629.01
141	2756.58
142	2754.36
143	2171.89
144	3051.53
145	3418.28
146	2271.29
147	2224.28
148	2599.79
149	2948.03
150	3460.37
151	3181.03
152	2858.87
153	2478.21
154	2930.45
155	3169.43
156	2539.11
157	3015.00
158	3035.06
159	3563.30
160	3678.07
161	1968.38
162	3447.23
163	2575.26
164	2243.80
165	2596.81
166	2661.32
167	3056.21
168	2792.12
169	2223.94
170	2725.87
171	1946.35
172	3691.16
173	2578.16
174	3247.70
175	3233.64
176	2572.79
177	2136.38
178	2134.22
179	3303.50
180	2840.16
181	3431.45
182	2666.05
183	1436.36
184	2357.43
185	3297.86
186	3003.91
187	3835.35
188	3073.26
189	2003.44
190	4141.34
191	3436.48
192	2170.03
193	3010.50
194	2877.74
195	2521.12
196	1993.17
197	2426.54
198	3037.28
199	2622.05
200	2471.43
201	2924.57
202	4202.88
203	3022.82
204	3284.67
205	2629.31
206	2121.29
207	2336.46
208	3171.14
209	2924.09
210	2876.43
211	3330.46
212	3940.57
213	3381.46
214	2732.60
215	3050.57
216	3370.56
217	2935.20
218	3636.71
219	3518.01
220	3199.58
221	2121.81
222	2301.96
223	2395.53
224	3423.81
225	2887.04
226	3850.56
227	2839.81
228	2894.73
229	2787.95
230	3541.96
231	3426.91
232	2993.29
233	2649.87
234	2712.31
235	2718.49
236	3240.61
237	3406.95
238	3722.52
239	3419.12
240	2361.03
241	3403.02
242	2963.23
243	2545.41
244	2799.58
245	2827.83
246	2900.98
247	2970.86
248	2832.25
249	2677.68
250	3516.25
