1	2597.50
2	3450.11
3	2796.81
4	3205.91
5	3869.34
6	3017.97
7	3200.77
8	2603.05
9	3066.00
10	2555.66
11	2864.18
12	2596.18
13	2995.20
14	2509.54
15	3378.56
16	3081.90
17	2308.62
18	1970.28
19	2197.58
20	2483.12
21	2944.44
22	3141.66
23	2345.01
24	2053.60
25	2700.85
26	2095.41
27	2830.16
28	2371.78
29	3172.35
30	2630.47
31	2983.20
32	2467.52
33	3817.48
34	2992.95
35	2811.55
36	2286.73
37	3120.08
38	2402.77
39	2366.15
40	2596.33
41	2617.38
42	2638.94
43	3780.30
44	3274.07
45	3628.12
46	1610.48
47	2811.69
48	2875.08
49	2788.57
50	3774.28
51	2691.30
52	2544.86
53	3108.99
54	2327.46
55	3763.63
56	3454.94
57	4115.34
58	3227.13
59	3052.29
60	3569.30
61	3017.63
62	2940.27
63	2478.02
64	2562.90
65	2931.48
66	3280.96
67	3439.21
68	2622.52
69	2713.69
70	2507.94
71	2325.74
72	3096.20
73	2800.77
74	3617.99
75	2734.40
76	3387.00
77	2694.16
78	3175.81
79	3565.23
80	2857.18
81	3058.86
82	1633.40
83	2714.29
84	3049.96
85	3005.16
86	3781.11
87	3120.29
88	2949.18
89	3211.05
90	2303.67
91	2716.08
92	3198.29
93	2833.53
94	1753.10
95	3311.54
96	2265.79
97	2318.64
98	3162.82
99	2828.51
100	2560.31
101	2160.18
102	2638.85
103	1856.37
104	3127.37
105	2912.34
106	2297.16
107	2851.30
108	4418.53
109	3061.62
110	3149.23
111	3755.10
112	3143.08
113	2954.85
114	2986.25
115	3109.60
116	3485.43
117	3100.42
118	3536.09
119	2895.29
120	3363.62
121	2690.09
122	3376.51
123	2362.44
124	2722.80
125	2696.95
126	3851.85
127	2443.63
128	2329.86
129	3083.28
130	2346.12
131	2424.96
132	3184.33
133	3091.45
134	3620.60
135	3140.30
136	3667.72
137	3349.79
138	3764.28
139	3014.55
140	1907.62
141	2626.44
142	2824.13
143	3045.11
144	2716.23
145	3215.37
146	3072.33
147	3923.21
148	2311.47
149	2953.73
150	2768.27
151	3583.42
152	3219.02
153	3353.41
154	2894.26
155	3406.45
156	3712.32
157	2603.82
158	2498.76
159	2985.20
160	2605.77
161	3565.45
162	2812.72
163	2398.20
164	2990.60
165	2557.13
166	2218.22
167	3148.42
168	2667.86
169	3139.08
170	3535.25
171	2927.09
172	2632.47
173	3115.69
174	3391.09
175	3159.27
176	2929.73
177	2914.93
178	2442.67
179	2883.13
180	2929.60
181	3251.38
182	3341.13
183	3057.32
184	2545.11
185	2257.37
186	2995.44
187	2842.99
188	3025.43
189	1772.29
190	3260.07
191	3105.31
192	2904.61
193	2751.54
194	3247.34
195	3060.10
196	2591.75
197	2955.87
198	2472.50
199	2560.83
200	3714.38
201	2015.83
202	2339.52
203	4275.08
204	2997.46
205	3148.12
206	3628.77
207	1979.43
208	3830.29
209	3480.12
210	2426.60
211	2813.99
212	3168.43
213	2517.11
214	2629.99
215	2690.36
216	2875.76
217	2624.57
218	3249.84
219	2997.05
220	3640.62
221	2572.59
222	3433.76
223	3219.48
224	3271.54
225	2904.41
226	2908.66
227	2282.44
228	3536.64
229	2854.93
230	3147.83
231	3322.36
232	2824.68
233	3032.69
234	2732.35
235	3535.41
236	2495.41
237	3600.72
238	3470.69
239	3687.61
240	3093.34
241	3673.08
242	2920.00
243	2870.76
244	2737.58
245	3177.36
246	2742.59
247	2920.72
248	2823.42
249	2843.40
250	1886.45
