1	3737.92
2	2413.74
3	3151.90
4	2609.32
5	3270.00
6	2497.88
7	2361.68
8	3100.87
9	2546.95
10	3644.62
11	3250.57
12	2819.39
13	2816.72
14	1990.88
15	2984.74
16	4081.91
17	3143.88
18	2477.82
19	3157.36
20	3354.38
21	2328.58
22	3253.39
23	3704.08
24	3104.08
25	2839.74
26	2482.85
27	3025.06
28	2484.54
29	2823.97
30	2781.75
31	2966.35
32	3222.76
33	2779.35
34	3024.82
35	2133.11
36	3491.17
37	2494.31
38	2849.64
39	3074.93
40	3437.45
41	2589.49
42	3003.41
43	2696.12
44	2446.48
45	2971.83
46	2904.72
47	2969.64
48	2474.76
49	2732.76
50	3156.57
51	3337.26
52	2854.78
53	3985.06
54	2481.80
55	2319.68
56	3807.38
57	2526.29
58	2895.45
59	2494.26
60	2403.27
61	2603.26
62	2908.56
63	2766.13
64	3423.60
65	2780.75
66	3624.56
67	2578.81
68	2210.23
69	3137.45
70	3650.15
71	2873.62
72	3607.68
73	2868.27
74	2673.65
75	2370.79
76	3525.36
77	2342.10
78	2826.88
79	2600.35
80	2603.39
81	2848.16
82	3061.66
83	3108.02
84	2567.77
85	3160.40
86	3247.50
87	2919.88
88	2876.38
89	2385.39
90	3145.17
91	3813.08
92	3364.57
93	2932.50
94	3278.24
95	3082.55
96	3276.44
97	3051.63
98	2994.78
99	3784.92
100	3051.59
101	3309.21
102	3379.01
103	3653.48
104	2912.18
105	3304.24
106	3022.80
107	2748.52
108	2938.88
109	3292.17
110	2616.43
111	3781.64
112	3931.90
113	2625.48
114	2816.55
115	3220.81
116	3191.44
117	3682.49
118	2954.30
119	3787.12
120	2572.50
121	3030.17
122	3151.74
123	2506.55
124	3019.59
125	2857.41
126	3418.85
127	3262.84
128	3916.88
129	3488.05
130	3041.45
131	2030.81
132	2924.47
133	2605.68
134	4184.98
135	3028.62
136	3177.80
137	3187.78
138	2933.75
139	2075.48
140	4035.73
141	3169.55
142	2592.83
143	2876.34
144	3786.91
145	3067.60
146	3079.30
147	2821.13
148	2227.50
149	2635.30
150	2556.69
151	3025.74
152	3067.81
153	2898.90
154	3355.51
155	2816.22
156	3107.21
157	2556.14
158	2498.73
159	2843.21
160	3402.23
161	3087.07
162	3138.85
163	2634.94
164	2646.16
165	3276.42
166	3212.61
167	2327.02
168	2240.06
169	3497.98
170	2976.24
171	2909.78
172	3179.42
173	2936.42
174	3096.42
175	3224.03
176	2181.96
177	2997.37
178	2971.12
179	3191.90
180	3142.63
181	2368.44
182	3055.93
183	2490.26
184	2812.89
185	3042.79
186	3467.71
187	3222.40
188	3123.35
189	2278.39
190	3045.53
191	3576.43
192	1932.21
193	3221.08
194	1760.05
195	2837.57
196	3189.12
197	2137.11
198	3369.70
199	3091.62
200	3469.34
201	3233.41
202	2767.05
203	3152.84
204	2979.95
205	2045.76
206	3159.18
207	3158.90
208	3202.17
209	3046.44
210	2930.86
211	1646.86
212	3764.18
213	2527.81
214	2629.80
215	3406.75
216	2706.75
217	2490.42
218	3310.63
219	2863.02
220	2429.15
221	3813.96
222	2836.66
223	2602.98
224	2312.88
225	2827.04
226	3766.61
227	3304.07
228	2476.23
229	2889.03
230	3420.53
231	3769.08
232	2925.16
233	2581.11
234	3134.25
235	2424.31
236	3430.66
237	2517.89
238	2679.20
239	1994.47
240	2514.02
241	3118.97
242	3589.10
243	3544.48
244	2183.67
245	2811.69
246	2985.69
247	2982.69
248	3098.54
249	3080.10
250	2729.74
