1	3705.75
2	3474.15
3	3210.02
4	2584.70
5	3706.29
6	2976.84
7	2864.20
8	3055.07
9	3574.16
10	3099.29
11	2471.71
12	2899.58
13	2636.90
14	2904.10
15	2414.34
16	3217.89
17	2867.60
18	2598.07
19	2749.37
20	3675.22
21	2442.46
22	3283.02
23	3124.47
24	2443.19
25	3060.04
26	2577.33
27	3457.94
28	3315.64
29	2981.49
30	2545.40
31	2780.06
32	2790.93
33	3212.70
34	3663.12
35	3419.34
36	2817.45
37	2098.51
38	2672.06
39	3216.33
40	2509.44
41	3037.42
42	3776.31
43	3852.73
44	3127.91
45	3924.90
46	3324.91
47	3394.47
48	3318.28
49	2793.48
50	3138.01
51	3298.87
52	3632.76
53	1754.32
54	2613.00
55	3733.33
56	3365.96
57	3148.90
58	3301.29
59	3631.64
60	2567.36
61	3245.52
62	2099.53
63	3106.04
64	3088.08
65	3669.99
66	2672.63
67	3312.71
68	3517.90
69	2686.65
70	3195.81
71	3064.38
72	2953.09
73	2790.87
74	2708.85
75	2456.02
76	2808.34
77	2574.98
78	3016.92
79	3822.52
80	2891.87
81	3525.82
82	3283.99
83	3715.25
84	3036.76
85	2990.29
86	2964.36
87	2431.27
88	4056.25
89	2326.51
90	2978.01
91	2856.76
92	3076.82
93	2324.42
94	3429.28
95	3018.41
96	2925.52
97	3750.88
98	3377.34
99	3899.40
100	3697.24
101	2766.42
102	2912.07
103	3663.60
104	2831.43
105	3002.41
106	2815.52
107	3248.67
108	3577.63
109	2735.54
110	2789.07
111	3516.87
112	3895.10
113	3516.20
114	2353.57
115	3005.80
116	3197.26
117	3076.42
118	2775.53
119	2162.10
120	3643.47
121	3570.79
122	3401.64
123	2851.10
124	2382.75
125	3331.77
126	2609.36
127	2920.13
128	3664.85
129	3520.77
130	2875.44
131	3223.12
132	2708.59
133	2647.90
134	2940.95
135	2396.52
136	3984.17
137	3291.93
138	2658.82
139	3036.50
140	3520.24
141	2953.12
142	2925.07
143	3428.90
144	3778.27
145	3474.38
146	3107.90
147	3305.27
148	3051.61
149	2815.86
150	2710.77
151	2647.41
152	2616.49
153	3045.44
154	2245.80
155	2975.98
156	2283.39
157	2905.81
158	2579.87
159	3112.91
160	3526.57
161	2200.02
162	2665.68
163	2665.50
164	2809.65
165	2943.09
166	2575.48
167	2911.86
168	3536.63
169	3112.02
170	2790.47
171	3192.71
172	3311.95
173	2151.68
174	2952.58
175	4033.36
176	3068.68
177	3127.39
178	3828.15
179	2437.54
180	3466.53
181	2886.34
182	3164.01
183	3341.33
184	2936.14
185	2722.00
186	3361.01
187	2978.47
188	3094.35
189	3338.23
190	3490.65
191	2915.89
192	2553.37
193	3253.07
194	3695.29
195	2730.01
196	3289.72
197	3747.15
198	3003.59
199	3205.28
200	2984.86
201	2577.62
202	2639.56
203	2424.63
204	2955.94
205	3941.44
206	3156.86
207	3854.03
208	2590.99
209	2790.26
210	3907.15
211	2360.52
212	2388.11
213	4038.31
214	3532.28
215	3157.60
216	3071.83
217	3597.79
218	3365.03
219	3416.03
220	3758.09
221	3682.92
222	3159.80
223	2365.33
224	3725.16
225	2539.24
226	1793.38
227	3230.11
228	3114.49
229	2745.78
230	3114.59
231	3732.63
232	3212.44
233	2896.24
234	3092.35
235	2210.51
236	2295.53
237	2505.41
238	2467.86
239	4143.74
240	3325.47
241	3534.11
242	2895.35
243	2674.08
244	3438.53
245	3244.72
246	2827.91
247	2143.64
248	4084.21
249	4050.19
250	2504.82
