1	3310.10
2	3095.33
3	3554.06
4	3213.58
5	3385.14
6	2566.52
7	3493.70
8	3046.16
9	2731.00
10	3629.11
11	3432.92
12	2966.21
13	3198.30
14	2871.96
15	2636.54
16	3164.72
17	2924.31
18	2865.03
19	3241.09
20	2821.49
21	2896.50
22	3893.35
23	1924.04
24	2676.99
25	2425.00
26	4078.43
27	2931.71
28	3878.83
29	3149.26
30	3090.86
31	2471.27
32	2523.33
33	3024.57
34	2748.38
35	4093.74
36	2488.71
37	3755.67
38	3272.42
39	2889.61
40	2542.80
41	2686.07
42	2720.78
43	2384.97
44	3822.36
45	2652.75
46	2451.39
47	3068.47
48	3070.04
49	2368.32
50	2822.74
51	3181.64
52	3703.36
53	2884.47
54	3520.98
55	2250.61
56	2856.87
57	3146.00
58	1850.82
59	3172.28
60	2748.19
61	2504.17
62	3647.64
63	3207.19
64	2683.37
65	2875.88
66	2339.32
67	2533.50
68	3742.80
69	4062.91
70	3439.53
71	2691.50
72	3231.72
73	2788.69
74	2707.56
75	3554.16
76	4056.73
77	3197.80
78	3551.40
79	2711.90
80	2926.01
81	2890.60
82	3723.18
83	2836.22
84	3071.74
85	3362.20
86	2845.01
87	2595.96
88	2949.68
89	2701.27
90	2788.19
91	3497.18
92	3004.26
93	3470.62
94	2378.93
95	3011.29
96	2438.42
97	3053.39
98	2472.97
99	3220.83
100	3475.13
101	2846.39
102	3142.42
103	3488.74
104	3387.54
105	3083.25
106	2232.12
107	2835.65
108	2064.45
109	2872.46
110	3500.85
111	3296.85
112	4273.32
113	2963.55
114	3413.74
115	3114.36
116	2591.27
117	3075.63
118	2774.93
119	2598.96
120	2758.57
121	2959.74
122	4381.78
123	2795.56
124	2714.12
125	2698.16
126	3059.34
127	3633.84
128	2479.54
129	1832.68
130	3017.19
131	3558.20
132	1852.74
133	3445.38
134	3685.33
135	3147.12
136	2080.17
137	3070.01
138	3342.15
139	3475.96
140	3414.49
141	3426.65
142	3622.70
143	2460.81
144	3577.23
145	2181.47
146	3086.71
147	3223.44
148	3607.85
149	2570.84
150	3150.96
151	3727.60
152	3256.85
153	3437.78
154	3044.13
155	2762.32
156	3563.54
157	3362.82
158	3604.21
159	2833.13
160	3087.36
161	3582.92
162	2527.53
163	3343.04
164	3296.83
165	3836.29
166	4044.09
167	3714.62
168	2497.28
169	2241.77
170	2389.11
171	3422.34
172	2795.14
173	2524.04
174	2965.92
175	3007.84
176	2379.15
177	3072.48
178	2515.05
179	2642.27
180	3511.45
181	2792.39
182	2710.73
183	3809.99
184	3573.84
185	3277.43
186	3215.93
187	2606.22
188	2719.33
189	3452.64
190	3090.11
191	2789.44
192	4095.36
193	2765.20
194	2725.92
195	2812.67
196	1866.97
197	3321.60
198	3588.65
199	3328.48
200	2459.16
201	2437.91
202	3495.99
203	2740.73
204	3637.11
205	2492.92
206	3328.34
207	2578.26
208	2792.77
209	2721.23
210	3686.17
211	3460.35
212	3157.02
213	3703.79
214	2581.03
215	2202.29
216	3278.06
217	3090.34
218	3094.05
219	2597.19
220	3413.98
221	3309.40
222	2398.84
223	3037.91
224	3664.42
225	3013.73
226	4072.86
227	3095.95
228	2936.76
229	2419.16
230	3070.38
231	3358.69
232	4003.42
233	2654.82
234	2954.89
235	3098.74
236	3227.69
237	3275.05
238	3799.97
239	3415.45
240	2780.08
241	4261.60
242	2784.65
243	3272.32
244	3806.14
245	3840.00
246	2555.56
247	2974.10
248	2673.01
249	2990.31
250	2982.49
