1	2433.62
2	3259.50
3	3280.10
4	2972.69
5	2847.06
6	2900.89
7	1961.75
8	2483.23
9	2614.62
10	3145.78
11	3181.53
12	2860.22
13	3362.02
14	3196.17
15	3496.84
16	3050.19
17	3117.23
18	3380.48
19	3085.32
20	3604.95
21	2759.00
22	3299.64
23	2994.98
24	3287.30
25	2652.02
26	3469.13
27	1866.39
28	2723.79
29	4152.13
30	3897.72
31	3104.48
32	2565.49
33	2778.46
34	2728.09
35	3350.46
36	3892.58
37	3002.24
38	3043.53
39	2990.49
40	3694.59
41	2930.20
42	3227.78
43	2568.42
44	3438.03
45	2447.67
46	3298.53
47	2601.37
48	4630.84
49	3194.83
50	2664.07
51	2969.73
52	3707.76
53	3077.85
54	2289.02
55	3472.56
56	2970.69
57	2599.29
58	3771.62
59	3168.41
60	2536.91
61	3896.46
62	3625.28
63	2412.71
64	3184.05
65	3460.53
66	2690.29
67	3273.08
68	3009.55
69	2963.37
70	2551.51
71	3742.97
72	3310.43
73	3049.76
74	3170.17
75	3780.22
76	2955.23
77	2724.85
78	3271.26
79	3522.85
80	2877.94
81	2428.23
82	2213.05
83	2503.91
84	3837.57
85	3564.87
86	2484.78
87	2975.79
88	3225.32
89	2739.27
90	3235.20
91	2711.52
92	2513.91
93	2590.00
94	3376.05
95	2854.04
96	2878.06
97	3051.41
98	2582.14
99	2800.55
100	3397.92
101	3566.79
102	3054.86
103	3184.89
104	2682.71
105	2829.42
106	2866.77
107	3331.86
108	2946.15
109	3642.81
110	2559.19
111	3221.13
112	2746.97
113	3083.21
114	3130.48
115	1997.07
116	2966.02
117	2723.48
118	4053.92
119	3593.18
120	2987.33
121	2780.09
122	2961.40
123	3190.05
124	3580.61
125	3024.88
126	3489.64
127	2921.32
128	3647.51
129	2847.37
130	2515.31
131	3640.38
132	3536.53
133	2809.68
134	2775.14
135	3760.69
136	2917.83
137	3167.71
138	3649.41
139	3086.49
140	2592.42
141	2933.45
142	3648.89
143	2718.11
144	3640.58
145	2990.94
146	2585.77
147	2623.65
148	3524.73
149	3236.17
150	3205.38
151	2328.83
152	3667.20
153	3004.42
154	3278.03
155	3741.24
156	2488.07
157	3284.28
158	2405.34
159	2108.54
160	3715.01
161	3108.28
162	3285.56
163	2567.42
164	3247.00
165	2675.75
166	3311.91
167	2638.15
168	3257.45
169	4431.18
170	3486.08
171	2835.48
172	2952.47
173	2311.40
174	3124.67
175	3598.87
176	3648.42
177	2752.23
178	3253.79
179	3223.19
180	3098.04
181	2717.26
182	2707.97
183	3072.18
184	2860.63
185	2856.10
186	3336.01
187	3427.20
188	3042.21
189	3225.29
190	3694.09
191	2777.88
192	3255.31
193	3320.41
194	2947.77
195	2952.37
196	3060.20
197	2692.23
198	3806.32
199	3072.57
200	2687.80
201	2908.57
202	3798.90
203	2177.56
204	3330.86
205	3495.76
206	3442.65
207	2383.62
208	3966.01
209	2917.53
210	3214.93
211	2760.40
212	3045.67
213	2384.12
214	2887.36
215	2668.20
216	2933.35
217	3240.05
218	3100.04
219	3545.79
220	3123.67
221	1706.57
222	2823.83
223	3628.93
224	3594.88
225	4062.21
226	2699.06
227	3739.88
228	3155.29
229	3423.48
230	3228.36
231	3286.03
232	3183.45
233	2850.06
234	1881.11
235	2450.46
236	2297.03
237	2830.53
238	1838.07
239	3244.57
240	3555.65
241	2324.30
242	3009.89
243	2815.06
244	2832.78
245	3470.44
246	2957.33
247	2783.72
248	2519.40
249	3122.47
250	3216.50
