1	3133.15
2	3256.60
3	3446.15
4	3593.99
5	2785.36
6	3123.92
7	3308.47
8	3106.59
9	3251.55
10	2568.73
11	3392.08
12	2837.92
13	2990.30
14	4054.08
15	3038.86
16	3232.25
17	1843.35
18	3523.83
19	3882.04
20	2502.10
21	2968.22
22	2708.99
23	2076.81
24	2400.82
25	3057.96
26	3090.52
27	3425.54
28	2908.80
29	2913.44
30	3857.34
31	2715.28
32	2675.83
33	3332.81
34	3359.38
35	3063.11
36	3089.05
37	2739.30
38	3692.10
39	3183.78
40	3456.33
41	3640.83
42	3434.96
43	2043.57
44	3619.25
45	2810.69
46	3128.99
47	3165.16
48	2224.02
49	3839.45
50	3234.67
51	3429.55
52	3010.23
53	3340.92
54	3063.38
55	2944.42
56	3611.94
57	3047.21
58	2533.52
59	3364.09
60	2693.99
61	2772.63
62	2804.76
63	3637.89
64	3150.64
65	2524.96
66	2917.26
67	3376.91
68	2990.70
69	2836.85
70	2008.69
71	2482.29
72	3073.33
73	2175.64
74	2840.77
75	2823.22
76	2737.15
77	2609.24
78	3501.66
79	2233.71
80	3442.84
81	2931.25
82	2944.25
83	3395.52
84	3325.89
85	4641.22
86	2380.60
87	3474.33
88	3627.69
89	3422.02
90	3183.27
91	3391.58
92	1689.08
93	3475.60
94	3267.61
95	3549.03
96	2913.14
97	3111.90
98	3039.78
99	2343.59
100	3892.22
101	2055.09
102	3101.68
103	2705.49
104	3450.57
105	3117.17
106	1994.07
107	3768.46
108	2702.98
109	2358.20
110	2693.64
111	3382.05
112	2903.59
113	1687.13
114	3803.20
115	2911.46
116	3575.51
117	3622.09
118	3310.72
119	3128.23
120	3794.67
121	2362.44
122	2751.14
123	2436.77
124	2844.25
125	2337.52
126	3741.13
127	3165.39
128	3348.27
129	3380.67
130	3922.89
131	2750.74
132	2385.50
133	2521.70
134	3354.50
135	3166.46
136	3219.83
137	3191.74
138	2931.13
139	2219.77
140	3179.38
141	3882.15
142	2487.72
143	3585.36
144	3768.70
145	2659.58
146	3066.69
147	3211.11
148	3629.74
149	3627.67
150	3144.27
151	3148.03
152	2808.52
153	3174.92
154	2195.93
155	3343.04
156	4231.96
157	3642.98
158	2334.45
159	3729.68
160	2247.93
161	3714.08
162	3107.81
163	2334.18
164	2530.67
165	3180.03
166	3560.55
167	2693.62
168	2516.81
169	2746.67
170	3449.21
171	3527.19
172	3119.11
173	3805.41
174	3020.17
175	3392.95
176	2606.81
177	3220.60
178	3197.17
179	2851.60
180	2900.21
181	3410.65
182	3532.78
183	2494.77
184	2810.42
185	3768.23
186	3382.88
187	4094.18
188	2903.89
189	2991.72
190	2977.89
191	3000.49
192	3656.26
193	3597.98
194	5125.21
195	3752.87
196	2020.73
197	2747.93
198	3215.20
199	2726.02
200	2916.35
201	3034.77
202	2857.27
203	2174.19
204	3091.93
205	2588.27
206	3230.38
207	1824.94
208	3151.88
209	2992.91
210	3262.01
211	2813.54
212	2533.76
213	2998.29
214	3193.60
215	2633.35
216	2532.51
217	2859.15
218	2228.32
219	2165.40
220	2137.05
221	3240.24
222	3166.42
223	3109.56
224	4694.47
225	3305.31
226	3397.91
227	2984.83
228	2268.56
229	3734.66
230	3662.51
231	3306.00
232	2061.38
233	3423.40
234	3248.25
235	4146.49
236	3111.70
237	2734.16
238	2610.84
239	2928.05
240	2861.08
241	3618.86
242	4211.41
243	2466.84
244	2984.96
245	2973.56
246	2186.49
247	3167.71
248	2827.75
249	2774.38
250	3670.93
